107
185
125
130
185
153
180
141
172
190
162
162
180
150
155
124
175
206
216
190
128
168
144
212
215
147
171
127
206
173
166
161
186
181
158
216
145
179
146
160
238
219
166
151
231
166
224
234
224
214
192
153
192
159
242
205
172
224
176
231
219
223
227
176
177
207
178
257
258
191
219
242
218
263
225
233
244
212
181
212
238
224
223
201
273
249
229
206
225
235
259
236
249
210
217
206
252
217
287
211
270
287
269
267
278
280
232
268
249
303
260
300
223
304
271
309
225
234
243
283
258
280
233
291
316
238
253
294
298
299
235
240
310
298
289
332
238
276
304
256
253
308
284
301
261
264
250
286
303
289
284
309
334
272
273
267
355
319
351
298
350
284
333
286
318
271
282
360
277
349
365
319
316
292
291
352
315
372
284
291
328
292
365
378
284
343
347
369
362
293
297
372
325
353
340
305
298
393
301
396
392
349
327
338
333
374
327
308
313
350
400
345
336
350
330
369
334
339
408
418
372
342
327
352
335
370
402
391
342
383
380
412
363
404
374
342
371
367
424
419
341
420
343
346
440
412
410
394
353
400
426
434
403
405
382
374
429
446
421
365
437
374
403
372
387
452
375
396
431
429
447
390
436
428
397
376
386
408
421
474
479
409
457
442
407
410
399
404
451
427
406
474
481
484
423
434
478
445
462
485
497
457
501
423
480
493
442
494
470
432
433
505
464
498
418
488
472
509
504
498
515
461
437
474
505
514
487
446
478
527
434
442
468
465
526
477
467
444
473
505
506
517
518
534
535
522
477
511
491
532
462
531
482
502
553
505
508
476
467
470
519
514
497
481
484
556
560
555
565
511
514
505
512
501
479
567
520
500
505
513
524
511
489
575
538
580
532
576
524
564
538
589
517
536
542
577
532
571
588
572
547
548
575
561
538
553
549
527
571
540
592
536
555
610
597
608
559
552
579
582
595
582
532
584
595
580
585
552
624
602
554
602
593
546
555
581
565
542
624
599
562
543
564
586
583
629
609
571
575
610
632
637
582
618
637
597
559
634
636
585
621
575
585
610
604
573
595
573
652
610
607
583
671
622
657
647
621
670
612
582
613
613
602
584
609
594
592
642
639
621
661
686
639
632
685
651
671
663
674
680
604
684
693
688
609
615
657
635
701
610
675
664
632
707
631
696
653
652
647
658
637
627
637
658
669
670
692
638
675
722
686
705
697
679
668
703
670
677
701
679
714
702
684
712
735
676
651
653
692
659
696
694
735
667
743
707
750
731
753
751
728
705
714
691
739
715
762
698
725
735
767
676
684
730
721
742
743
690
734
729
750
686
727
691
772
712
723
714
723
779
780
777
703
773
724
708
793
701
767
757
719
717
754
802
798
729
728
749
765
733
746
741
798
743
757
793
724
801
804
786
732
762
739
801
744
798
773
790
745
794
756
740
822
752
786
813
762
747
790
768
791
840
840
820
819
752
836
824
810
820
764
827
774
822
817
841
793
834
802
858
838
828
832
854
779
791
790
813
856
836
831
809
775
807
810
819
817
779
857
813
860
813
856
804
852
788
821
879
873
795
811
795
825
810
888
871
839
846
870
800
803
803
838
897
845
806
904
807
842
830
900
835
876
817
898
836
903
897
911
908
847
849
870
857
830
914
892
875
845
839
837
903
856
927
925
853
935
876
918
872
932
918
906
919
905
919
916
890
919
860
882
933
925
918
953
873
938
880
939
956
915
913
896
942
946
891
914
963
868
939
964
916
957
930
925
924
929
900
962
902
951
884
886
926
970
974
909
918
950
980
940
951
942
896
985
966
963
904
982
916
947
902
924
944
978
971
963
939
942
952
984
921
957
961
944
994
977
1016
957
1011
974
973
924
933
942
994
988
1013
1020
1013
986
997
1024
1003
944
952
985
1009
991
956
1012
942
1013
967
1026
956
963
1043
951
1029
951
952
1049
999
1025
991
970
986
1039
1028
998
1053
1022
983
1026
1035
1036
1046
1025
1054
1021
1033
1037
1006
1065
1071
986
1060
1044
1030
1033
981
988
990
996
1002
1025
1027
1072
1008
1073
1062
1041
1025
1002
1011
1053
1024
1080
1071
1073
1026
1100
1010
1057
1040
1058
1017
1016
1040
1093
1051
1075
1078
1103
1042
1064
1099
1028
1029
1020
1054
1064
1113
1117
1098
1116
1045
1119
1062
1037
1078
1066
1103
1072
1116
1129
1048
1053
1062
1048
1055
1064
1044
1045
1068
1104
1055
1123
1102
1125
1113
1094
1121
1085
1072
1085
1123
1089
1083
1117
1140
1109
1095
1114
1109
1114
1125
1130
1112
1107
1072
1107
1151
1170
1142
1087
1097
1144
1091
1082
1115
1089
1171
1163
1135
1175
1102
1116
1176
1119
1131
1101
1183
1103
1097
1136
1112
1155
1101
1196
1186
1198
1115
1168
1144
1115
1134
1125
1206
1134
1200
1150
1122
1134
1169
1181
1211
1141
1163
1192
1122
1141
1186
1175
1162
1223
1193
1182
1153
1173
1169
1226
1225
1175
1164
1137
1148
1169
1211
1154
1154
1185
1176
1160
1235
1216
1216
1153
1220
1210
1159
1239
1210
1252
1214
1181
1159
1213
1185
1257
1163
1190
1216
1242
1208
1217
1234
1230
1191
1182
1211
1250
1260
1241
1226
1176
1224
1247
1250
1276
1207
1223
1198
1258
1220
1270
1200
1219
1263
1232
1225
1288
1210
1240
1240
1292
1241
1242
1215
1287
1289
1283
1254
1287
1300
1280
1248
1214
1263
1222
1256
1237
1220
1218
1284
1310
1236
1290
1295
1270
1320
1231
1245
1280
1273
1250
1321
1321
1297
1317
1245
1233
1242
1294
1333
1301
1271
1247
1321
1300
1336
1298
1323
1282
1259
1310
1309
1312
1286
1319
1338
1264
1334
1298
1280
1326
1270
1258
1356
1267
1325
1272
1335
1289
1294
1355
1321
1350
1359
1294
1300
1282
1315
1297
1320
1327
1327
1298
1323
1295
1353
1370
1314
1300
1339
1371
1358
1382
1357
1333
1361
1313
1294
1369
1384
1381
1339
1336
1334
1331
1396
1355
1340
1349
1339
1316
1338
1313
1320
1373
1372
1408
1346
1344
1382
1340
1381
1333
1404
1326
1383
1338
1360
1372
1352
1418
1345
1372
1405
1334
1426
1413
1425
1409
1351
1356
1414
1393
1413
1350
1417
1403
1347
1363
1350
1375
1356
1401
1445
1418
1362
1417
1356
1445
1365
1447
1365
1408
1361
1369
1411
1407
1420
1368
1453
1410
1404
1445
1401
1422
1451
1444
1452
1387
1408
1459
1394
1461
1418
1470
1479
1454
1463
1481
1441
1422
1438
1411
1451
1475
1397
1443
1419
1406
1447
1396
1463
1463
1404
1435
1407
1415
1479
1405
1473
1433
1455
1450
1431
1492
1434
1431
1463
1477
1440
1426
1509
1475
1460
1494
1508
1430
1450
1511
1506
1480
1447
1441
1502
1445
1530
1437
1458
1519
1486
1439
1470
1528
1485
1523
1461
1452
1447
1462
1544
1538
1479
1478
1479
1461
1502
1482
1534
1520
1501
1499
1470
1547
1548
1498
1489
1492
1539
1529
1558
1502
1533
1517
1519
1470
1554
1510
1530
1480
1551
1499
1524
1553
1518
1539
1494
1489
1578
1532
1510
1574
1505
1573
1577
1528
1575
1573
1536
1581
1500
1575
1579
1527
1533
1530
1549
1571
1598
1598
1591
1576
1507
1540
1534
1585
1528
1588
1582
1570
1522
1545
1555
1605
1560
1526
1546
1604
1573
1580
1560
1561
1605
1615
1616
1577
1614
1559
1600
1564
1566
1595
1564
1545
1611
1569
1559
1551
1595
1598
1627
1609
1605
1566
1558
1584
1552
1579
1573
1582
1559
1632
1630
1615
1611
1649
1589
1593
1580
1629
1566
1639
1627
1580
1571
1599
1643
1644
1612
1611
1648
1621
1664
1597
1619
1633
1616
1661
1610
1584
1665
1638
1683
1632
1639
1622
1690
1621
1688
1623
1623
1692
1621
1696
1639
1629
1622
1606
1676
1614
1637
1683
1644
1683
1703
1669
1682
1661
1691
1643
1650
1692
1620
1677
1665
1669
1659
1624
1704
1647
1664
1646
1633
1709
1635
1696
1676
1640
1697
1711
1693
1716
1647
1684
1661
1666
1643
1673
1672
1684
1707
1666
1704
1743
1664
1682
1749
1734
1668
1751
1738
1712
1713
1686
1699
1751
1709
1753
1725
1706
1686
1704
1728
1734
1741
1676
1698
1698
1741
1680
1739
1773
1729
1733
1777
1696
1707
1690
1742
1716
1694
1736
1688
1701
1741
1764
1734
1779
1776
1703
1762
1748
1777
1781
1789
1788
1776
1731
1766
1761
1766
1778
1794
1752
1778
1793
1800
1807
1785
1792
1742
1769
1763
1769
1800
1767
1743
1748
1818
1725
1792
1763
1817
1759
1759
1732
1765
1743
1790
1818
1821
1800
1791
1785
1771
1817
1834
1743
1775
1781
1768
1832
1831
1846
1765
1824
1798
1774
1765
1852
1801
1832
1824
1817
1805
1761
1783
1806
1817
1764
1852
1838
1862
1854
1797
1805
1859
1813
1862
1856
1841
1839
1811
1873
1813
1782
1820
1831
1869
1832
1813
1855
1837
1796
1818
1866
1862
1860
1835
1813
1807
1837
1871
1875
1883
1853
1890
1858
1885
1820
1859
1870
1853
1852
1854
1818
1821
1879
1871
1892
1860
1880
1841
1857
1848
1868
1840
1867
1904
1830
1841
1851
1914
1855
1841
1903
1838
1896
1908
1925
1920
1903
1843
1864
1895
1920
1876
1918
1911
1869
1862
1909
1883
1870
1852
1865
1895
1890
1922
1924
1888
1904
1938
1946
1863
1956
1949
1930
1909
1890
1952
1881
1913
1902
1917
1957
1944
1875
1944
1916
1962
1961
1954
1878
1902
1965
1936
1893
1975
1913
1969
1898
1977
1985
1889
1951
1955
1901
1980
1954
1989
1938
1973
1964
1916
1945
1922
1966
1913
1963
1981
1938
1968
2003
1912
1975
1921
1952
1994
1978
1939
1937
1945
2012
1996
1922
1965
2017
1988
1928
1993
2017
1932
1971
2012
2001
2028
1976
1975
2023
1955
2021
1977
1949
1997
1945
2023
1993
1967
2006
1982
1985
1948
1976
2017
1972
2046
1963
2035
1971
2011
1988
1959
2005
1992
2003
2051
2014
2002
2050
2040
1982
1982
2006
2042
2008
2068
2061
2024
2023
2056
2045
2046
2046
1999
2029
1983
1983
1985
2019
2076
2006
2063
2063
1993
2051
2000
2007
2014
2089
2091
2089
2062
2017
2080
2008
2072
2054
2033
2036
2098
2059
2018
2011
2040
2083
2030
2044
2053
2064
2028
2084
2109
2092
2065
2096
2031
2023
2050
2104
2027
2108
2056
2030
2037
2088
2035
2130
2097
2067
2105
2071
2076
2103
2066
2057
2129
2063
2085
2099
2099
2093
2062
2101
2066
2113
2104
2124
2076
2135
2139
2076
2130
2111
2101
2081
2157
2143
2084
2125
2110
2156
2156
2167
2074
2093
2098
2159
2110
2162
2138
2115
2135
2169
2094
2100
2104
2132
2113
2177
2125
2102
2161
2108
2117
2150
2101
2182
2094
2106
2102
2111
2098
2134
2186
2165
2136
2189
2133
2201
2131
2112
2198
2150
2185
2208
2168
2171
2128
2191
2115
2153
2163
2199
2127
2188
2123
2158
2191
2194
2145
2204
2212
2218
2189
2138
2184
2159
2169
2198
2213
2228
2196
2151
2195
2230
2143
2221
2232
2183
2145
2222
2213
2151
2174
2163
2192
2177
2188
2159
2163
2183
2204
2172
2250
2174
2216
2240
2169
2210
2212
2262
2220
2195
2248
2236
2248
2255
2272
2258
2175
2250
2210
2271
2246
2245
2279
2255
2210
2217
2248
2222
2283
2264
2210
2256
2256
2285
2241
2230
2286
2202
2252
2269
2204
2266
2250
2276
2203
2252
2266
2212
2233
2279
2249
2240
2278
2243
2225
2300
2292
2239
2233
2219
2301
2303
2313
2243
2297
2249
2233
2304
2246
2240
2244
2326
2321
2251
2250
2329
2309
2305
2260
2331
2305
2310
2327
2272
2322
2330
2287
2290
2279
2343
2329
2270
2319
2311
2255
2311
2258
2320
2277
2307
2279
2348
2271
2281
2358
2290
2313
2353
2285
2310
2335
2332
2278
2336
2310
2299
2370
2365
2365
2354
2355
2335
2369
2334
2365
2362
2366
2316
2319
2375
2308
2364
2325
2374
2352
2311
2376
2356
2307
2313
2390
2323
2341
2317
2372
2315
2325
2376
2332
2385
2402
2320
2321
2332
2383
2347
2390
2401
2324
2406
2361
2401
2359
2329
2378
2366
2364
2332
2390
2343
2415
2405
2395
2338
2381
2418
2424
2393
2397
2351
2348
2396
2345
2381
2349
2409
2390
2397
2405
2383
2418
2368
2411
2440
2392
2374
2408
2385
2361
2415
2397
2443
2401
2388
2382
2435
2398
2439
2438
2467
2416
2370
2438
2467
2441
2452
2383
2444
2399
2443
2453
2428
2476
2481
2405
2435
2435
2427
2448
2465
2450
2461
2464
2449
2407
2489
2454
2420
2461
2413
2408
2491
2494
2468
2476
2472
2457
2481
2437
2421
2496
2428
2461
2455
2420
2487
2511
2509
2491
2459
2450
2504
2424
2507
2501
2449
2434
2490
2482
2441
2512
2527
2488
2513
2529
2476
2482
2471
2529
2522
2454
2503
2516
2517
2540
2462
2472
2493
2536
2495
2479
2529
2483
2470
2533
2522
2539
2481
2512
2540
2537
2551
2537
2471
2551
2527
2554
2550
2521
2501
2556
2551
2475
2506
2499
2548
2542
2557
2502
2481
2504
2534
2566
2516
2492
2487
2503
2549
2534
2498
2578
2587
2510
2495
2528
2568
2501
2589
2527
2539
2591
2581
2577
2557
2590
2553
2550
2571
2522
2606
2567
2597
2547
2591
2608
2588
2520
2592
2523
2523
2523
2601
2578
2616
2546
2563
2532
2559
2595
2537
2541
2552
2556
2595
2563
2568
2552
2628
2563
2618
2624
2561
2635
2637
2581
2634
2644
2634
2582
2642
2587
2584
2637
2618
2571
2592
2615
2654
2585
2611
2604
2636
2631
2565
2645
2627
2625
2656
2666
2666
2608
2667
2611
2636
2666
2640
2666
2613
2624
2588
2616
2621
2589
2600
2647
2602
2591
2662
2629
2631
2636
2676
2679
2596
2636
2638
2639
2689
2670
2616
2623
2673
2608
2691
2695
2628
2628
2621
2622
2687
2664
2631
2651
2680
2644
2638
2647
2666
2695
2622
2699
2671
2658
2679
2623
2633
2708
2689
2675
2630
2691
2701
2637
2720
2662
2699
2722
2685
2734
2731
2708
2660
2698
2658
2716
2687
2744
2701
2746
2683
2700
2650
2678
2684
2703
2661
2722
2677
2745
2740
2746
2703
2661
2758
2703
2675
2728
2760
2694
2672
2716
2688
2753
2709
2762
2741
2742
2729
2772
2763
2769
2722
2693
2769
2748
2715
2743
2780
2765
2782
2715
2744
2698
2763
2759
2778
2722
2773
2710
2728
2743
2766
2712
2782
2763
2759
2754
2752
2799
2747
2748
2742
2768
2777
2787
2715
2729
2730
2775
2808
2809
2720
2776
2799
2800
2792
2819
2772
2797
2742
2732
2756
2818
2786
2811
2789
2748
2788
2793
2796
2797
2800
2747
2776
2772
2841
2793
2773
2800
2756
2790
2843
2758
2842
2786
2792
2828
2757
2833
2820
2789
2857
2827
2837
2825
2859
2792
2862
2810
2799
2817
2806
2806
2791
2855
2843
2832
2867
2833
2861
2799
2795
2821
2805
2818
2801
2809
2813
2858
2793
2830
2887
2885
2881
2793
2872
2886
2833
2864
2804
2840
2822
2818
2817
2884
2826
2876
2896
2808
2860
2891
2843
2909
2879
2910
2843
2870
2839
2859
2850
2899
2912
2883
2892
2889
2827
2854
2826
2889
2907
2911
2833
2876
2865
2925
2890
2884
2878
2933
2935
2910
2890
2856
2888
2887
2936
2883
2866
2899
2871
2901
2886
2921
2865
2947
2861
2945
2930
2874
2909
2877
2868
2908
2884
2888
2891
2917
2882
2881
2940
2895
2955
2962
2880
2877
2913
2909
2896
2958
2882
2978
2915
2969
2975
2902
2948
2894
2936
2944
2963
2919
2965
2891
2970
2919
2918
2926
2932
2988
2943
2967
2929
2999
2965
2987
2962
2995
2989
3003
2926
2916
2962
2992
2913
2925
3003
2988
2973
2994
2929
2944
2971
2925
2977
2937
2959
3020
3012
3002
3016
2940
3027
2953
2975
3019
2967
2971
3013
2976
2946
2948
2965
2947
3033
2980
3038
3004
2998
2976
3030
2955
2996
2963
3007
3019
2997
2999
3027
3045
3042
2984
3032
3005
2962
3019
3026
3063
3015
2987
3017
3002
3008
3065
3068
3007
3062
3048
2993
3043
2990
3003
3008
3054
3013
3032
3000
3009
3035
3057
3034
2998
3054
3062
3040
3005
3066
3045
3040
3074
3044
3026
3037
3081
3053
3072
3079
3060
3087
3050
3077
3101
3071
3027
3094
3069
3091
3036
3040
3071
3088
3068
3082
3081
3097
3035
3040
3070
3031
3040
3085
3107
3103
3080
3075
3084
3080
3070
3131
3074
3099
3044
3114
3095
3044
3131
3085
3077
3088
3061
3128
3109
3098
3054
3070
3074
3110
3107
3062
3065
3137
3139
3155
3122
3066
3145
3088
3125
3123
3071
3075
3096
3126
3147
3137
3143
3084
3121
3139
3122
3159
3153
3156
3096
3133
3165
3105
3087
3115
3160
3129
3118
3151
3180
3152
3159
3161
3131
3160
3126
3194
3112
3157
3190
3196
3149
3185
3197
3183
3137
3187
3162
3126
3158
3137
3160
3175
3149
3161
3124
3200
3120
3219
3125
3155
3184
3146
3170
3162
3180
3159
3141
3166
3224
3181
3198
3150
3167
3140
3143
3194
3166
3142
3217
3215
3153
3167
3226
3226
3236
3150
3191
3161
3156
3229
3166
3175
3220
3241
3202
3246
3168
3217
3235
3242
3207
3199
3251
3247
3206
3225
3183
3267
3227
3252
3217
3193
3209
3195
3214
3192
3235
3267
3273
3213
3249
3270
3185
3242
3222
3267
3197
3232
3284
3250
3265
3219
3231
3196
3248
3210
3217
3229
3262
3294
3280
3302
3220
3272
3236
3247
3279
3291
3258
3223
3233
3217
3230
3274
3224
3285
3282
3314
3267
3288
3229
3245
3236
3242
3297
3285
3262
3313
3290
3316
3277
3271
3235
3311
3319
3249
3337
3334
3249
3267
3269
3281
3261
3288
3254
3257
3336
3315
3265
3303
3297
3294
3256
3275
3270
3269
3263
3275
3347
3302
3277
3349
3363
3279
3271
3346
3269
3294
3357
3351
3349
3341
3366
3278
3338
3375
3338
3353
3291
3326
3321
3303
3374
3304
3380
3288
3337
3348
3316
3370
3304
3326
3378
3362
3300
3363
3325
3343
3378
3335
3402
3359
3357
3338
3325
3392
3382
3314
3324
3396
3360
3343
3351
3333
3332
3368
3324
3402
3413
3322
3330
3386
3410
3336
3348
3363
3345
3390
3395
3386
3414
3358
3348
3394
3420
3379
3356
3372
3344
3395
3343
3443
3434
3368
3350
3367
3398
3366
3372
3431
3382
3436
3418
3448
3359
3366
3451
3372
3435
3454
3417
3408
3369
3429
3431
3467
3437
3435
3446
3397
3373
3453
3427
3458
3465
3429
3414
3428
3422
3476
3397
3480
3483
3476
3388
3443
3407
3425
3426
3446
3477
3461
3485
3418
3444
3492
3486
3495
3414
3453
3448
3458
3453
3489
3449
3467
3462
3431
3453
3440
3487
3424
3470
3483
3442
3419
3511
3509
3505
3499
3490
3517
3444
3471
3498
3527
3510
3461
3520
3511
3507
3531
3495
3458
3518
3521
3481
3475
3472
3447
3511
3529
3490
3476
3487
3529
3464
3501
3508
3459
3547
3539
3496
3515
3554
3477
3522
3521
3482
3502
3531
3468
3500
3520
3475
3488
3555
3546
3542
3554
3536
3508
3513
3479
3562
3564
3497
3547
3492
3560
3498
3531
3488
3547
3586
3493
3555
3521
3528
3549
3568
3500
3544
3592
3570
3561
3529
3578
3514
3580
3505
3508
3513
3531
3575
3515
3533
3574
3570
3563
3566
3596
3574
3583
3535
3549
3550
3552
3584
3543
3586
3578
3561
3569
3553
3619
3571
3547
3624
3581
3569
3626
3609
3589
3555
3564
3623
3543
3598
3546
3639
3551
3613
3627
3598
3640
3619
3640
3576
3648
3590
3640
3585
3592
3632
3615
3574
3635
3657
3645
3653
3574
3647
3585
3568
3570
3651
3622
3622
3602
3615
3637
3625
3619
3650
3616
3585
3638
3629
3608
3640
3648
3596
3666
3685
3641
3609
3672
3671
3632
3600
3657
3602
3667
3689
3634
3647
3622
3682
3682
3691
3609
3678
3646
3627
3621
3614
3690
3703
3639
3661
3616
3637
3686
3681
3646
3627
3631
3649
3707
3678
3702
3670
3629
3716
3707
3673
3694
3681
3680
3691
3675
3718
3715
3676
3661
3713
3699
3697
3645
3651
3679
3677
3689
3665
3680
3725
3671
3692
3697
3707
3708
3708
3703
3731
3700
3699
3680
3695
3734
3678
3745
3752
3750
3729
3735
3746
3675
3686
3738
3740
3726
3683
3694
3727
3751
3686
3716
3702
3698
3701
3776
3730
3694
3718
3769
3729
3777
3787
3772
3759
3764
3729
3752
3726
3703
3752
3783
3759
3790
3792
3801
3798
3786
3775
3746
3722
3734
3810
3786
3742
3765
3731
3752
3735
3789
3812
3771
3748
3785
3799
3806
3730
3735
3762
3789
3749
3751
3804
3801
3800
3824
3827
3744
3797
3807
3771
3771
3760
3744
3746
3843
3839
3788
3775
3778
3791
3798
3838
3816
3828
3834
3771
3801
3822
3796
3762
3784
3765
3825
3842
3789
3794
3821
3856
3821
3773
3806
3851
3816
3824
3789
3843
3807
3788
3799
3808
3866
3784
3791
3844
3790
3854
3848
3859
3826
3843
3859
3808
3799
3872
3871
3866
3813
3827
3843
3882
3839
3814
3866
3823
3881
3899
3870
3836
3878
3834
3873
3842
3846
3848
3859
3863
3851
3865
3883
3897
3868
3854
3915
3875
3852
3841
3915
3869
3844
3901
3846
3904
3900
3911
3862
3889
3871
3879
3915
3916
3934
3857
3897
3939
3940
3941
3939
3894
3947
3891
3894
3949
3943
3930
3882
3894
3912
3918
3949
3914
3893
3867
3863
3910
3878
3941
3929
3948
3947
3905
3939
3946
3880
3883
3896
3946
3878
3908
3924
3965
3963
3937
3951
3917
3971
3937
3901
3963
3904
3892
3933
3913
3937
3900
3938
3968
3896
3964
3952
3932
3948
3944
3972
3939
3961
3906
3953
3983
3910
3929
3922
3933
3914
3917
3948
3933
4003
3984
4011
3951
4004
3941
4011
3924
3932
3944
3967
3960
3966
3981
3995
3947
4010
4009
3976
3981
4021
3981
4012
3961
4012
3956
3948
4017
4004
4018
4001
3982
3962
3963
3973
4027
4035
4037
4045
3970
3963
4002
4008
4052
3995
3970
4052
3973
4010
4041
3983
4045
3976
4011
4049
4002
4068
4009
3975
4042
4034
4043
4055
3983
4020
4032
3988
4024
4018
4049
4016
4082
3999
3989
4004
3997
4011
4051
4055
4003
4030
4013
4050
4002
4096
4077
4038
4015
4059
4076
4042
4058
4010
4035
4024
4054
4077
4052
4055
4018
4093
4110
4072
4037
4056
4074
4121
4098
4026
4086
4071
4116
4095
4118
4032
4047
4114
4093
4044
4093
4048
4100
4084
4110
4049
4113
4090
4091
4085
4064
4059
4133
4140
4054
4122
4111
4143
4060
4101
4136
4072
4100
4123
4113
4079
4067
4075
4084
4123
4139
4151
4163
4091
4102
4139
4085
4085
4123
4160
4090
4097
4122
4104
4082
4118
4097
4162
4154
4094
4175
4182
4118
4176
4167
4102
4163
4119
4178
4150
4191
4112
4135
4105
4128
4181
4172
4193
4161
4118
4130
4166
4124
4140
4168
4110
4204
4204
4209
4168
4201
4140
4174
4124
4155
4213
4211
4152
4131
4129
4209
4168
4144
4163
4177
4160
4214
4159
4205
4188
4185
4203
4222
4169
4217
4195
4224
4190
4242
4162
4221
4201
4209
4220
4243
4230
4235
4245
4212
4206
4171
4215
4241
4198
4208
4251
4231
4213
4209
4232
4167
4200
4240
4226
4215
4257
4228
4208
4223
4265
4237
4258
4184
4268
4277
4202
4266
4230
4273
4274
4219
4236
4286
4274
4234
4248
4215
4222
4199
4221
4250
4196
4206
4260
4281
4262
4203
4272
4282
4301
4298
4211
4267
4242
4217
4244
4254
4213
4302
4291
4281
4295
4273
4292
4277
4297
4309
4249
4246
4320
4304
4259
4276
4266
4251
4327
4245
4324
4271
4328
4291
4299
4245
4323
4252
4276
4337
4317
4243
4286
4248
4323
4282
4276
4291
4328
4313
4307
4295
4346
4316
4333
4343
4352
4302
4351
4262
4283
4327
4362
4358
4306
4313
4308
4334
4272
4351
4353
4296
4293
4278
4338
4289
4290
4339
4370
4373
4294
4316
4302
4296
4293
4384
4308
4372
4323
4325
4368
4309
4365
4366
4366
4312
4309
4358
4395
4372
4388
4307
4351
4355
4395
4389
4378
4364
4314
4394
4362
4343
4387
4351
4341
4320
4391
4374
4332
4366
4408
4329
4345
4394
4405
4370
4346
4354
4365
4370
4339
4407
4394
4382
4416
4354
4403
4405
4402
4430
4358
4410
4409
4379
4417
4362
4433
4364
4387
4373
4371
4382
4356
4408
4401
4391
4377
4454
4428
4368
4385
4414
4441
4431
4453
4405
4372
4456
4401
4397
4442
4433
4453
4447
4425
4416
4445
4467
4466
4457
4465
4389
4441
4456
4391
4439
4430
4403
4409
4424
4416
4460
4404
4414
4466
4491
4458
4482
4437
4425
4404
4431
4451
4412
4444
4471
4498
4499
4418
4470
4447
4505
4437
4450
4515
4489
4422
4477
4488
4475
4468
4461
4456
4484
4506
4486
4497
4474
4445
4488
4480
4504
4514
4481
4495
4519
4501
4466
4476
4486
4526
4484
4486
4492
4483
4486
4485
4472
4488
4530
4537
4499
4474
4523
4535
4474
4548
4546
4479
4526
4471
4481
4481
4537
4500
4476
4490
4495
4530
4489
4562
4499
4502
4520
4526
4529
4520
4496
4576
4535
4541
4498
4580
4527
4581
4563
4568
4533
4523
4535
4569
4502
4538
4584
4556
4501
4574
4532
4576
4559
4543
4531
4579
4509
4532
4508
4530
4559
4594
4517
4567
4591
4609
4574
4542
4537
4586
4609
4591
4523
4565
4599
4585
4543
4595
4540
4532
4535
4622
4628
4609
4624
4567
4555
4560
4632
4544
4593
4555
4608
4552
4621
4588
4569
4634
4587
4633
4603
4594
4590
4600
4591
4601
4617
4655
4629
4631
4576
4623
4652
4630
4611
4633
4590
4654
4635
4633
4648
4602
4670
4587
4640
4621
4576
4604
4593
4604
4593
4627
4677
4607
4670
4601
4598
4661
4656
4591
4673
4623
4660
4637
4598
4681
4658
4622
4682
4697
4656
4655
4700
4609
4694
4661
4676
4670
4648
4640
4612
4681
4664
4689
4702
4694
4660
4672
4629
4689
4714
4639
4623
4672
4705
4662
4634
4648
4722
4723
4651
4661
4683
4706
4717
4657
4638
4655
4711
4710
4691
4730
4668
4698
4707
4681
4662
4668
4722
4709
4665
4684
4735
4667
4721
4731
4718
4741
4674
4660
4659
4750
4670
4680
4730
4676
4719
4682
4716
4753
4687
4749
4703
4711
4718
4764
4719
4736
4736
4708
4707
4754
4760
4693
4735
4712
4696
4710
4733
4754
4718
4784
4739
4742
4747
4780
4699
4730
4718
4745
4756
4729
4701
4719
4774
4798
4730
4715
4754
4716
4791
4726
4798
4745
4801
4776
4764
4815
4758
4762
4781
4785
4772
4758
4757
4788
4727
4728
4732
4778
4822
4795
4798
4814
4748
4826
4831
4792
4792
4827
4809
4823
4776
4798
4829
4792
4834
4776
4825
4761
4842
4789
4848
4772
4846
4769
4803
4758
4766
4840
4822
4765
4832
4856
4805
4778
4862
4831
4846
4819
4802
4803
4862
4852
4871
4830
4782
4847
4848
4847
4838
4824
4852
4853
4798
4784
4842
4846
4883
4871
4874
4850
4870
4885
4793
4847
4881
4860
4881
4816
4857
4825
4877
4893
4826
4832
4847
4840
4904
4810
4835
4857
4855
4816
4853
4852
4893
4868
4833
4854
4896
4845
4888
4912
4861
4836
4844
4828
4850
4864
4879
4890
4915
4843
4919
4913
4891
4911
4883
4936
4861
4901
4916
4925
4865
4906
4868
4937
4923
4883
4872
4868
4891
4864
4864
4864
4860
4901
4955
4936
4930
4895
4870
4890
4882
4870
4879
4867
4883
4869
4925
4968
4922
4893
4879
4970
4895
4934
4970
4964
4973
4939
4898
4934
4929
4884
4967
4933
4974
4893
4902
4985
4954
4979
4982
4924
4958
4981
4915
4924
4963
4900
4919
4936
4958
4966
4905
4989
5004
4959
4931
4965
5005
5001
4922
4971
4964
4981
4990
5015
4967
4995
4957
4943
4984
4946
4993
5005
5024
4962
4955
4990
4990
4972
4939
4974
4993
5023
4955
4981
4975
5017
5006
4962
5019
5008
5015
4987
4988
4995
4966
4967
4991
4993
5013
5041
4959
5011
5028
4994
4995
5049
5012
5007
4970
5002
5055
5049
5034
4972
5037
4971
5068
5050
4980
5056
5058
5050
4988
4980
5061
5039
5067
5035
5058
4998
4987
4992
5052
5042
5031
5059
5001
5087
5077
5048
5025
5035
5077
5044
5043
5059
5038
5043
5011
5055
5016
5029
5020
5101
5019
5102
5022
5103
5038
5067
5083
5098
5057
5059
5072
5032
5041
5072
5037
5091
5111
5125
5033
5112
5079
5089
5053
5065
5098
5121
5123
5083
5107
5054
5074
5070
5052
5117
5052
5048
5109
5089
5067
5072
5070
5092
5061
5148
5116
5107
5115
5070
5084
5127
5102
5110
5085
5092
5116
5138
5119
5111
5089
5141
5152
5153
5084
5076
5117
5106
5077
5118
5124
5129
5101
5170
5117
5098
5172
5124
5100
5185
5110
5101
5097
5164
5091
5112
5164
5155
5148
5103
5135
5126
5160
5149
5116
5187
5140
5159
5189
5132
5154
5127
5165
5164
5176
5120
5122
5202
5137
5196
5161
5120
5212
5199
5144
5170
5166
5176
5142
5179
5191
5192
5184
5167
5162
5210
5213
5175
5233
5159
5210
5182
5210
5197
5196
5145
5199
5186
5219
5221
5209
5205
5218
5214
5173
5225
5197
5166
5182
5163
5162
5159
5258
5233
5198
5182
5248
5260
5243
5180
5263
5238
5238
5248
5194
5250
5256
5247
5243
5237
5255
5228
5235
5206
5224
5249
5220
5193
5197
5281
5249
5217
5240
5221
5226
5220
5216
5237
5236
5265
5213
5213
5250
5282
5222
5211
5244
5245
5272
5216
5247
5297
5255
5279
5276
5216
5228
5252
5232
5254
5263
5255
5254
5225
5270
5309
5318
5235
5254
5233
5302
5260
5311
5242
5267
5326
5266
5331
5304
5302
5268
5328
5338
5299
5277
5335
5341
5325
5296
5335
5345
5339
5293
5298
5276
5297
5253
5298
5287
5307
5261
5337
5312
5283
5325
5273
5278
5325
5289
5350
5315
5329
5358
5282
5328
5357
5341
5360
5327
5357
5345
5377
5287
5329
5288
5335
5285
5314
5310
5331
5323
5386
5318
5383
5372
5352
5313
5388
5327
5320
5391
5382
5314
5379
5338
5341
5356
5319
5370
5390
5355
5353
5348
5375
5356
5338
5349
5336
5347
5329
5391
5330
5376
5347
5338
5354
5331
5414
5363
5333
5332
5393
5329
5391
5342
5342
5355
5362
5386
5375
5356
5427
5400
5360
5413
5434
5426
5344
5357
5353
5440
5362
5435
5431
5386
5403
5396
5366
5438
5436
5448
5394
5424
5440
5399
5382
5445
5374
5372
5458
5396
5439
5421
5413
5433
5426
5453
5471
5471
5447
5381
5443
5384
5389
5398
5391
5482
5473
5405
5386
5482
5453
5420
5448
5423
5477
5411
5447
5420
5425
5479
5453
5400
5479
5409
5465
5440
5469
5458
5450
5452
5474
5443
5481
5477
5465
5476
5503
5466
5476
5487
5421
5419
5476
5508
5491
5473
5459
5473
5513
5509
5460
5480
5468
5522
5528
5476
5488
5532
5452
5447
5475
5461
5519
5496
5498
5445
5456
5500
5480
5495
5500
5495
5465
5526
5472
5457
5462
5501
5475
5479
5534
5517
5539
5469
5494
5558
5537
5539
5540
5521
5514
5507
5533
5485
5505
5556
5519
5509
5568
5557
5487
5510
5519
5526
5486
5529
5501
5516
5503
5555
5571
5514
5495
5503
5555
5533
5589
5588
5579
5558
5535
5574
5569
5512
5575
5599
5602
5590
5601
5533
5550
5516
5579
5514
5529
5611
5550
5541
5541
5605
5614
5529
5604
5571
5541
5593
5564
5569
5618
5613
5544
5559
5587
5603
5565
5625
5604
5550
5632
5579
5620
5632
5624
5635
5615
5595
5610
5596
5613
5592
5548
5639
5574
5611
5562
5600
5583
5648
5602
5631
5654
5640
5633
5650
5615
5568
5622
5580
5630
5628
5628
5569
5593
5646
5671
5593
5586
5583
5581
5624
5666
5623
5632
5617
5643
5598
5612
5668
5643
5608
5683
5653
5671
5664
5606
5673
5676
5643
5647
5677
5636
5601
5635
5660
5625
5665
5614
5703
5622
5619
5669
5670
5622
5701
5674
5614
5617
5638
5669
5677
5643
5628
5671
5686
5687
5699
5652
5701
5713
5663
5636
5631
5641
5706
5638
5710
5691
5720
5690
5732
5686
5702
5739
5663
5663
5670
5673
5652
5651
5739
5715
5671
5692
5702
5714
5684
5685
5687
5694
5689
5679
5670
5727
5677
5711
5739
5740
5722
5699
5744
5685
5672
5747
5767
5725
5772
5764
5697
5705
5714
5686
5747
5747
5726
5717
5695
5723
5775
5723
5748
5727
5743
5769
5777
5781
5703
5702
5730
5768
5759
5770
5712
5706
5737
5707
5782
5752
5792
5726
5740
5713
5747
5792
5717
5760
5765
5783
5722
5763
5760
5776
5737
5725
5759
5773
5800
5764
5739
5730
5818
5815
5821
5772
5731
5772
5764
5822
5735
5830
5820
5740
5773
5741
5778
5811
5840
5794
5818
5767
5843
5806
5768
5830
5807
5806
5763
5779
5786
5796
5774
5854
5820
5777
5844
5766
5831
5853
5845
5810
5793
5844
5817
5772
5861
5792
5773
5823
5833
5785
5791
5841
5857
5865
5793
5807
5826
5881
5808
5882
5874
5841
5812
5808
5794
5859
5854
5826
5871
5862
5865
5833
5858
5861
5858
5877
5863
5828
5839
5857
5897
5818
5826
5887
5858
5885
5910
5834
5862
5889
5858
5846
5889
5883
5899
5878
5879
5901
5890
5878
5848
5922
5864
5897
5850
5891
5917
5931
5870
5932
5926
5932
5897
5893
5925
5911
5918
5916
5881
5903
5908
5928
5894
5907
5878
5853
5933
5928
5903
5887
5879
5919
5913
5880
5869
5888
5944
5923
5952
5924
5951
5950
5934
5899
5927
5967
5941
5924
5968
5947
5945
5941
5928
5889
5902
5892
5921
5970
5982
5933
5902
5895
5968
5958
5986
5901
5942
5982
5960
5912
5908
5984
5995
5944
5959
5954
5970
5907
5942
6004
5978
6006
6005
5985
5941
5958
5926
5960
5954
6014
5984
5983
5946
5987
5943
5943
5983
5959
5995
5926
5928
6017
5984
5952
5990
5971
5933
5956
5939
5941
5947
6017
5978
6025
6013
5982
6010
6002
6038
6041
5956
6036
6001
5991
6012
6044
6037
5968
6048
6047
6020
6028
5999
5964
6001
5993
5973
6043
5986
6057
6062
6048
6016
5978
6012
6062
5991
6062
5994
6005
6067
6052
6068
6030
5997
6001
5984
6023
6061
5987
6047
6081
6029
6086
6031
6001
6073
6065
6060
6006
6073
6016
6082
6027
6083
6026
6087
6071
6035
6065
6077
6056
6108
6080
6079
6074
6112
6111
6058
6107
6057
6090
6107
6114
6041
6105
6061
6039
6080
6052
6111
6080
6125
6107
6111
6116
6100
6039
6092
6053
6127
6068
6130
6113
6093
6061
6137
6130
6129
6058
6087
6115
6123
6099
6101
6057
6060
6074
6113
6109
6109
6082
6096
6135
6096
6088
6079
6148
6134
6083
6143
6105
6113
6136
6074
6075
6078
6115
6076
6138
6165
6158
6144
6168
6146
6123
6148
6140
6085
6100
6095
6138
6187
6119
6119
6101
6157
6160
6144
6098
6110
6151
6169
6150
6116
6110
6131
6160
6166
6202
6164
6115
6208
6125
6169
6134
6199
6213
6155
6198
6201
6195
6198
6219
6165
6137
6143
6135
6179
6205
6212
6141
6174
6187
6175
6213
6156
6193
6146
6154
6172
6213
6210
6166
6201
6180
6177
6150
6169
6182
6179
6182
6169
6227
6221
6242
6169
6252
6177
6232
6225
6231
6258
6219
6187
6183
6234
6185
6241
6245
6191
6225
6172
6269
6252
6228
6179
6233
6220
6273
6187
6216
6215
6252
6271
6205
6254
6266
6260
6191
6195
6199
6200
6276
6217
6284
6275
6265
6208
6281
6280
6230
6255
6265
6264
6236
6213
6288
6235
6303
6296
6259
6252
6253
6261
6308
6275
6219
6285
6242
6228
6285
6317
6319
6242
6249
6226
6237
6264
6268
6307
6267
6288
6313
6238
6236
6297
6263
6277
6323
6281
6248
6277
6326
6299
6260
6322
6343
6305
6247
6271
6260
6315
6298
6251
6261
6274
6305
6271
6283
6292
6326
6272
6286
6342
6293
6295
6333
6345
6291
6330
6314
6297
6369
6313
6336
6335
6322
6283
6369
6281
6291
6313
6358
6304
6305
6370
6312
6306
6361
6355
6381
6300
6314
6349
6354
6316
6305
6309
6392
6392
6313
6381
6313
6305
6334
6398
6376
6338
6317
6325
6319
6314
6381
6348
6372
6379
6357
6316
6327
6402
6364
6345
6326
6380
6411
6416
6324
6413
6394
6419
6388
6410
6405
6411
6412
6415
6349
6392
6342
6338
6369
6376
6381
6354
6420
6360
6353
6371
6381
6442
6398
6352
6408
6402
6404
6359
6407
6431
6446
6443
6417
6435
6426
6386
6454
6365
6374
6435
6435
6418
6433
6427
6416
6379
6418
6418
6423
6390
6410
6391
6423
6473
6460
6395
6390
6396
6420
6467
6401
6439
6435
6443
6472
6488
6395
6476
6397
6433
6407
6406
6404
6434
6493
6419
6500
6437
6500
6413
6443
6439
6462
6464
6503
6419
6448
6506
6497
6437
6476
6435
6428
6443
6444
6422
6500
6455
6474
6521
6514
6460
6486
6511
6517
6432
6505
6486
6492
6479
6482
6456
6509
6492
6523
6498
6492
6535
6543
6542
6467
6522
6500
6545
6543
6460
6474
6467
6496
6541
6503
6495
6519
6484
6487
6539
6527
6467
6474
6514
6515
6553
6545
6488
6520
6511
6553
6568
6530
6548
6556
6505
6521
6501
6533
6493
6527
6491
6487
6501
6535
6543
6577
6520
6500
6545
6570
6516
6562
6583
6501
6575
6514
6513
6576
6535
6598
6577
6570
6603
6508
6546
6592
6528
6592
6587
6610
6531
6593
6552
6546
6533
6604
6573
6606
6574
6599
6568
6610
6607
6575
6560
6578
6625
6550
6623
6558
6576
6588
6536
6578
6604
6615
6561
6561
6606
6632
6580
6622
6621
6569
6610
6562
6608
6616
6584
6604
6603
6623
6610
6621
6618
6576
6649
6577
6587
6611
6569
6606
6601
6572
6639
6649
6647
6640
6626
6659
6646
6651
6577
6632
6664
6616
6614
6643
6677
6672
6660
6600
6649
6639
6667
6687
6602
6655
6602
6608
6620
6598
6673
6689
6651
6634
6609
6614
6697
6611
6624
6610
6697
6690
6694
6658
6626
6644
6670
6627
6683
6637
6632
6650
6706
6631
6662
6696
6681
6710
6668
6629
6715
6675
6713
6692
6676
6632
6696
6701
6650
6640
6673
6658
6644
6694
6641
6655
6690
6700
6716
6674
6687
6669
6657
6703
6716
6727
6671
6705
6672
6712
6743
6667
6657
6670
6672
6679
6740
6696
6716
6745
6687
6699
6733
6672
6714
6677
6726
6707
6726
6736
6687
6761
6713
6723
6702
6742
6719
6743
6762
6751
6715
6691
6714
6763
6696
6729
6772
6712
6724
6762
6788
6775
6713
6729
6738
6727
6723
6708
6721
6751
6734
6804
6720
6787
6788
6730
6805
6755
6799
6714
6786
6766
6747
6730
6740
6783
6803
6767
6787
6790
6791
6820
6750
6783
6779
6735
6732
6783
6807
6792
6831
6792
6755
6800
6787
6771
6778
6779
6810
6746
6763
6778
6826
6811
6805
6847
6829
6814
6761
6828
6755
6763
6765
6838
6773
6764
6858
6791
6831
6765
6861
6767
6809
6831
6856
6818
6805
6798
6809
6870
6846
6832
6807
6864
6785
6809
6844
6844
6862
6847
6814
6860
6822
6796
6864
6846
6846
6806
6856
6874
6835
6826
6857
6801
6853
6898
6811
6814
6878
6890
6816
6836
6812
6874
6898
6857
6872
6873
6815
6910
6869
6848
6909
6857
6893
6901
6854
6921
6846
6920
6851
6903
6866
6899
6902
6895
6903
6883
6879
6903
6925
6895
6862
6898
6916
6879
6870
6928
6930
6848
6937
6883
6939
6861
6881
6892
6882
6916
6890
6946
6932
6933
6933
6937
6868
6944
6884
6918
6954
6866
6942
6875
6906
6952
6921
6921
6875
6959
6945
6931
6890
6938
6968
6959
6888
6900
6938
6921
6943
6982
6972
6971
6982
6916
6929
6963
6918
6953
6901
6958
6963
6901
6950
6934
6908
6973
6967
6966
6941
6993
6948
6909
6928
7006
6968
6949
6975
7009
6986
6976
6952
6983
6953
6927
7007
7005
6952
6938
7008
6977
6983
6934
6987
7022
7024
6946
6984
7002
6981
6942
7032
7001
7035
7009
7029
7018
6983
6942
6944
7037
7007
6967
7029
6994
7025
7040
7037
6973
7005
6977
7032
6956
7026
6999
7019
7033
6984
7003
7058
7039
7021
7052
6992
7012
7008
7057
7038
7051
7032
7030
7073
7003
6989
7019
6994
7038
7074
7011
7000
7001
7059
7018
7081
7019
7057
7050
7071
7050
7036
7066
7042
7016
7000
7054
7064
7077
7025
7043
7010
7093
7078
7019
7056
7024
7056
7038
7087
7066
7079
7039
7029
7056
7061
7115
7026
7086
7087
7058
7071
7031
7037
7071
7095
7035
7080
7042
7057
7041
7044
7118
7117
7101
7044
7059
7047
7106
7048
7122
7078
7055
7111
7085
7118
7075
7071
7135
7068
7140
7148
7091
7114
7096
7142
7150
7134
7147
7126
7120
7091
7074
7114
7100
7077
7119
7163
7071
7118
7093
7094
7101
7076
7092
7155
7117
7082
7084
7086
7171
7112
7153
7095
7104
7094
7140
7116
7105
7174
7098
7119
7130
7175
7135
7116
7165
7138
7179
7147
7200
7174
7128
7159
7107
7112
7146
7198
7118
7119
7209
7139
7121
7126
7136
7182
7128
7209
7181
7171
7210
7161
7130
7214
7147
7180
7150
7216
7229
7138
7143
7145
7189
7194
7136
7168
7193
7164
7210
7169
7222
7210
7200
7204
7203
7201
7169
7198
7180
7233
7238
7167
7174
7188
7211
7175
7255
7211
7236
7218
7252
7217
7244
7167
7169
7193
7246
7213
7256
7239
7261
7181
7178
7206
7181
7211
7199
7265
7192
7255
7208
7233
7210
7255
7231
7200
7188
7238
7205
7243
7260
7212
7281
7211
7225
7227
7239
7278
7275
7282
7249
7248
7244
7284
7231
7271
7233
7295
7303
7252
7225
7288
7286
7222
7222
7296
7234
7299
7309
7260
7264
7262
7248
7318
7286
7240
7241
7295
7292
7257
7327
7331
7307
7297
7276
7294
7306
7248
7301
7330
7242
7245
7247
7325
7283
7309
7253
7312
7280
7280
7288
7281
7347
7328
7293
7314
7271
7342
7272
7264
7276
7314
7347
7301
7332
7313
7292
7303
7346
7367
7302
7301
7304
7365
7345
7352
7339
7316
7355
7317
7301
7288
7291
7290
7360
7287
7363
7294
7326
7353
7371
7312
7364
7393
7366
7356
7344
7309
7347
7349
7317
7389
7305
7384
7404
7365
7341
7368
7372
7389
7344
7394
7346
7366
7387
7361
7403
7411
7339
7365
7402
7414
7352
7389
7370
7403
7346
7347
7361
7410
7335
7362
7423
7381
7406
7376
7366
7434
7433
7396
7348
7412
7346
7426
7385
7432
7362
7351
7432
7387
7421
7430
7405
7361
7440
7427
7383
7410
7410
7454
7417
7438
7461
7444
7407
7411
7462
7369
7399
7446
7440
7461
7451
7443
7389
7415
7419
7381
7386
7397
7390
7472
7415
7416
7453
7389
7467
7431
7463
7416
7452
7439
7462
7437
7431
7450
7459
7438
7431
7497
7427
7500
7433
7466
7428
7484
7478
7481
7475
7413
7493
7493
7493
7464
7499
7421
7436
7499
7470
7512
7513
7434
7509
7483
7428
7492
7516
7508
7468
7476
7498
7477
7493
7469
7500
7440
7475
7532
7517
7496
7510
7524
7454
7497
7472
7457
7453
7472
7529
7522
7473
7459
7507
7535
7477
7538
7507
7540
7541
7467
7505
7523
7529
7487
7531
7536
7562
7478
7507
7567
7482
7528
7548
7529
7496
7533
7529
7506
7524
7547
7548
7524
7546
7582
7567
7516
7541
7567
7565
7565
7567
7579
7544
7568
7565
7504
7558
7582
7539
7563
7565
7540
7548
7596
7562
7565
7559
7515
7578
7549
7580
7521
7518
7593
7612
7537
7561
7575
7554
7606
7532
7570
7560
7603
7546
7616
7604
7607
7601
7592
7592
7603
7628
7565
7584
7635
7546
7585
7564
7544
7561
7606
7641
7584
7623
7611
7560
7590
7629
7556
7644
7620
7598
7579
7629
7568
7603
7567
7627
7599
7581
7619
7576
7638
7577
7619
7621
7614
7621
7651
7635
7601
7616
7631
7617
7595
7597
7583
7632
7655
7636
7603
7639
7640
7642
7641
7606
7633
7602
7632
7643
7644
7652
7668
7638
7612
7661
7616
7687
7643
7647
7628
7691
7640
7629
7632
7612
7671
7704
7641
7629
7662
7677
7700
7656
7687
7712
7645
7659
7714
7655
7669
7722
7681
7657
7719
7651
7690
7647
7727
7684
7643
7697
7661
7671
7662
7700
7641
7671
7641
7737
7719
7725
7685
7700
7664
7659
7649
7659
7688
7668
7709
7751
7690
7667
7669
7699
7734
7703
7746
7671
7741
7686
7756
7765
7714
7767
7716
7706
7698
7693
7723
7706
7704
7733
7737
7694
7758
7746
7684
7763
7713
7730
7758
7714
7744
7731
7715
7767
7764
7697
7736
7727
7706
7779
7771
7785
7728
7789
7797
7736
7737
7765
7776
7724
7755
7794
7716
7720
7741
7714
7781
7804
7805
7783
7740
7729
7774
7793
7750
7768
7775
7791
7734
7791
7751
7728
7797
7744
7799
7819
7795
7805
7762
7820
7825
7777
7816
7821
7771
7814
7758
7801
7839
7841
7765
7794
7777
7792
7826
7754
7779
7826
7829
7832
7826
7820
7788
7828
7763
7825
7827
7862
7782
7799
7847
7838
7792
7771
7773
7821
7783
7784
7837
7809
7792
7823
7861
7833
7856
7808
7823
7792
7842
7837
7884
7789
7790
7839
7877
7881
7809
7834
7890
7877
7829
7858
7862
7834
7803
7899
7861
7877
7830
7866
7874
7871
7838
7859
7877
7874
7815
7888
7887
7885
7870
7914
7875
7901
7836
7885
7875
7826
7861
7896
7827
7883
7924
7884
7866
7930
7850
7878
7892
7855
7927
7886
7883
7857
7856
7892
7892
7911
7936
7859
7852
7911
7851
7938
7871
7876
7883
7875
7954
7953
7920
7907
7873
7941
7957
7908
7919
7916
7905
7950
7937
7921
7960
7900
7954
7883
7931
7913
7905
7903
7922
7907
7891
7903
7966
7927
7926
7961
7932
7932
7899
7889
7944
7900
7907
7922
7952
7990
7972
7984
7974
7951
7996
7993
7924
7917
7958
7955
7932
7996
7970
7961
7995
7952
7972
7962
7918
8010
7955
7946
7944
7955
7982
7943
7981
7943
8009
7990
8018
7946
8015
8025
7999
8023
7946
8026
8025
7939
7980
7977
7947
8018
7955
7952
7987
7950
7949
7971
8016
8008
7990
8002
7986
8044
8040
7982
7973
8025
8049
7968
7993
7998
8034
7977
8005
7970
7966
7999
8008
8033
8030
7987
8011
8013
8031
8047
8070
8038
8017
7977
8048
8027
8036
8023
8060
8074
8014
8058
8011
8034
8056
8033
8043
8051
7993
7992
8068
8080
8039
8058
8071
8023
8012
8075
8041
8084
8045
8021
8083
8025
8037
8057
8065
8049
8048
8080
8059
8034
8070
8112
8069
8074
8102
8078
8103
8050
8047
8087
8091
8100
8111
8091
8061
8090
8039
8086
8072
8097
8041
8090
8134
8127
8129
8128
8047
8059
8119
8107
8102
8074
8108
8084
8136
8141
8122
8080
8127
8119
8077
8096
8102
8063
8151
8148
8069
8097
8073
8126
8162
8071
8118
8121
8091
8092
8109
8134
8125
8133
8166
8125
8092
8108
8155
8149
8124
8138
8160
8170
8157
8093
8173
8136
8115
8163
8127
8132
8112
8163
8129
8132
8190
8103
8142
8160
8107
8117
8162
8168
8185
8204
8181
8115
8164
8136
8196
8211
8207
8143
8141
8142
8188
8200
8122
8152
8195
8135
8133
8173
8145
8134
8214
8195
8193
8212
8162
8205
8185
8193
8182
8209
8180
8158
8173
8155
8186
8210
8214
8157
8173
8183
8201
8233
8216
8186
8204
8241
8164
8251
8196
8184
8225
8163
8189
8211
8220
8162
8252
8208
8224
8255
8186
8219
8200
8201
8206
8267
8195
8192
8238
8271
8211
8259
8261
8263
8216
8272
8239
8277
8245
8268
8278
8206
8215
8227
8238
8259
8265
8281
8294
8223
8236
8291
8213
8235
8204
8280
8232
8303
8277
8225
8305
8254
8286
8305
8298
8226
8218
8241
8225
8303
8253
8230
8310
8222
8310
8270
8243
8290
8225
8233
8316
8233
8318
8309
8276
8234
8242
8326
8292
8247
8271
8270
8258
8284
8282
8294
8332
8292
8319
8332
8295
8340
8348
8295
8329
8282
8341
8288
8271
8264
8319
8258
8329
8333
8266
8271
8341
8346
8279
8353
8353
8298
8315
8347
8276
8370
8358
8313
8300
8278
8364
8320
8338
8345
8310
8358
8353
8348
8350
8374
8333
8367
8309
8385
8373
8345
8341
8360
8298
8381
8341
8352
8348
8364
8353
8305
8363
8336
8378
8311
8317
8327
8339
8331
8351
8330
8361
8396
8377
8364
8386
8331
8354
8321
8332
8351
8340
8378
8354
8350
8377
8406
8395
8424
8425
8417
8369
8419
8424
8370
8421
8384
8376
8405
8401
8409
8363
8387
8398
8359
8354
8421
8399
8362
8354
8366
8445
8442
8375
8445
8419
8409
8455
8363
8395
8388
8456
8455
8410
8427
8397
8437
8394
8441
8464
8415
8471
8472
8402
8392
8450
8416
8449
8441
8467
8442
8423
8438
8391
8412
8439
8460
8470
8392
8490
8471
8443
8437
8478
8415
8410
8475
8494
8451
8474
8461
8408
8428
8495
8502
8439
8464
8415
8465
8477
8487
8448
8431
8455
8427
8459
8473
8444
8502
8475
8436
8484
8461
8427
8465
8465
8503
8436
8529
8524
8488
8511
8518
8456
8493
8529
8469
8441
8469
8450
8536
8481
8516
8462
8467
8504
8448
8499
8456
8488
8521
8531
8530
8471
8493
8537
8544
8510
8486
8540
8470
8465
8511
8487
8565
8482
8552
8513
8534
8502
8498
8538
8480
8497
8532
8491
8486
8510
8548
8521
8531
8490
8513
8566
8555
8512
8542
8587
8577
8571
8497
8589
8547
8585
8562
8531
8513
8570
8532
8539
8510
8556
8506
8598
8595
8548
8585
8577
8536
8549
8549
8582
8518
8526
8580
8606
8605
8608
8556
8614
8591
8538
8535
8578
8550
8568
8546
8581
8550
8541
8594
8611
8578
8554
8609
8595
8552
8607
8628
8546
8619
8641
8595
8612
8631
8638
8570
8627
8603
8628
8558
8614
8562
8585
8606
8599
8600
8592
8565
8652
8621
8623
8565
8603
8614
8640
8580
8612
8619
8617
8578
8644
8607
8666
8669
8641
8640
8621
8628
8657
8659
8680
8610
8595
8662
8679
8656
8655
8604
8598
8638
8606
8633
8671
8624
8677
8664
8659
8606
8695
8624
8609
8640
8626
8688
8614
8611
8643
8703
8629
8672
8696
8623
8713
8654
8642
8627
8645
8690
8658
8669
8667
8695
8683
8648
8648
8701
8686
8695
8727
8686
8666
8712
8635
8639
8654
8720
8646
8715
8647
8664
8719
8647
8700
8710
8721
8720
8741
8710
8721
8743
8660
8699
8682
8728
8714
8715
8737
8664
8703
8713
8684
8726
8749
8728
8709
8730
8698
8723
8746
8698
8737
8721
8686
8763
8756
8689
8702
8742
8752
8706
8721
8699
8722
8725
8689
8695
8714
8726
8718
8724
8711
8767
8739
8780
8698
8733
8723
8702
8719
8773
8741
8723
8795
8707
8759
8781
8805
8757
8718
8763
8727
8784
8790
8813
8749
8810
8760
8781
8784
8780
8776
8821
8787
8776
8781
8816
8784
8775
8816
8819
8823
8812
8758
8784
8805
8787
8819
8793
8748
8757
8774
8796
8821
8792
8812
8835
8766
8773
8755
8834
8786
8850
8784
8800
8855
8837
8820
8817
8859
8843
8829
8828
8800
8824
8849
8855
8774
8832
8858
8842
8860
8867
8820
8801
8783
8816
8832
8862
8829
8824
8875
8866
8826
8787
8832
8880
8886
8804
8858
8890
8855
8836
8831
8853
8800
8834
8876
8828
8894
8821
8846
8858
8897
8898
8835
8886
8892
8889
8891
8910
8900
8861
8819
8889
8895
8853
8908
8845
8859
8906
8837
8883
8851
8896
8899
8924
8838
8886
8856
8866
8910
8931
8903
8896
8929
8873
8865
8868
8914
8881
8896
8907
8923
8857
8914
8947
8859
8901
8898
8950
8890
8936
8864
8926
8919
8913
8912
8886
8928
8898
8883
8911
8886
8915
8966
8963
8964
8919
8962
8934
8962
8883
8952
8876
8884
8897
8887
8943
8918
8933
8935
8974
8925
8953
8966
8927
8912
8936
8985
8901
8986
8939
8978
8975
8957
8916
8903
8957
8921
8949
8927
8956
8931
8933
8941
9000
8997
8945
8918
8979
8995
8919
8926
8946
8967
8990
8981
8957
8950
8983
9005
8924
8958
9019
8946
8962
8951
9026
9002
8960
9031
8970
8997
8981
8965
9014
9020
8972
9010
8968
9039
9032
9031
8947
9027
9036
9004
8973
9050
9026
9039
9001
8961
9051
8999
9026
9038
8974
9027
9044
9037
9058
8974
8984
9058
9015
9044
9013
9010
9055
9070
9039
9021
9046
8979
9011
9026
9033
9078
9021
9011
9076
9083
9073
9038
9022
9075
8997
9044
9058
9011
9002
9089
9068
9004
9057
9072
9085
9013
9066
9024
9004
9091
9053
9025
9079
9088
9023
9022
9053
9072
9081
9103
9027
9102
9070
9103
9083
9086
9025
9087
9046
9110
9125
9078
9043
9128
9115
9077
9093
9063
9095
9099
9040
9114
9118
9091
9126
9083
9047
9120
9115
9073
9067
9141
9108
9077
9097
9085
9145
9128
9062
9107
9123
9058
9081
9065
9071
9094
9108
9107
9129
9067
9135
9075
9130
9104
9098
9113
9115
9119
9142
9116
9083
9115
9167
9169
9122
9106
9115
9129
9175
9165
9092
9167
9179
9097
9117
9172
9101
9183
9182
9170
9159
9175
9121
9149
9154
9180
9191
9150
9113
9197
9132
9157
9189
9177
9209
9120
9201
9185
9197
9150
9125
9147
9139
9209
9142
9187
9146
9186
9182
9129
9147
9219
9224
9226
9208
9171
9195
9168
9152
9187
9221
9176
9235
9194
9171
9145
9237
9154
9216
9172
9243
9201
9195
9184
9166
9228
9215
9202
9180
9248
9200
9196
9243
9206
9214
9234
9259
9250
9208
9206
9226
9254
9248
9219
9238
9270
9201
9175
9231
9192
9194
9180
9207
9219
9186
9252
9199
9234
9216
9207
9212
9235
9233
9199
9247
9202
9254
9266
9247
9198
9237
9259
9274
9224
9214
9286
9286
9215
9217
9225
9277
9249
9267
9272
9222
9229
9255
9213
9301
9247
9245
9258
9315
9279
9231
9233
9245
9241
9265
9230
9238
9301
9306
9301
9307
9261
9244
9248
9254
9321
9304
9264
9270
9308
9275
9263
9311
9283
9298
9294
9249
9302
9275
9343
9261
9268
9274
9272
9272
9279
9325
9345
9292
9260
9306
9280
9288
9278
9275
9333
9279
9344
9329
9329
9365
9353
9277
9333
9280
9284
9351
9336
9301
9329
9363
9306
9332
9327
9331
9339
9348
9327
9304
9348
9357
9379
9315
9324
9332
9382
9351
9307
9380
9361
9339
9372
9368
9332
9396
9354
9344
9333
9311
9333
9320
9380
9338
9412
9392
9318
9408
9387
9398
9322
9415
9385
9404
9352
9356
9419
9326
9411
9367
9419
9392
9344
9362
9391
9358
9381
9424
9349
9402
9381
9372
9413
9404
9348
9389
9366
9425
9375
9416
9431
9395
9448
9435
9399
9388
9434
9372
9387
9402
9421
9396
9366
9404
9451
9446
9381
9403
9460
9379
9383
9412
9383
9468
9392
9469
9379
9426
9420
9439
9444
9411
9407
9400
9421
9475
9462
9472
9406
9407
9399
9415
9429
9406
9454
9422
9406
9471
9473
9425
9436
9423
9484
9446
9443
9433
9434
9413
9407
9477
9452
9468
9437
9450
9443
9466
9457
9512
9499
9473
9512
9519
9432
9477
9471
9438
9495
9486
9479
9440
9526
9501
9487
9450
9490
9502
9493
9465
9520
9497
9501
9501
9527
9528
9515
9526
9449
9502
9538
9486
9456
9523
9471
9506
9533
9495
9546
9456
9484
9554
9539
9498
9472
9464
9500
9539
9469
9563
9552
9541
9564
9486
9528
9560
9557
9545
9502
9554
9508
9505
9572
9495
9566
9512
9558
9550
9567
9579
9511
9489
9513
9533
9539
9533
9503
9550
9551
9570
9547
9553
9583
9528
9502
9598
9519
9559
9505
9562
9552
9561
9592
9521
9606
9544
9610
9552
9524
9552
9574
9564
9571
9595
9571
9548
9601
9553
9606
9624
9614
9586
9557
9624
9569
9603
9576
9541
9609
9623
9547
9594
9575
9594
9600
9605
9628
9602
9625
9577
9583
9580
9587
9603
9611
9596
9650
9653
9601
9607
9610
9596
9658
9580
9569
9636
9646
9576
9621
9611
9655
9601
9601
9589
9593
9625
9626
9635
9589
9636
9629
9586
9589
9623
9581
9673
9669
9592
9647
9652
9612
9646
9623
9592
9664
9645
9601
9678
9671
9616
9597
9603
9671
9605
9675
9641
9611
9604
9615
9654
9664
9651
9610
9704
9695
9613
9629
9635
9679
9625
9625
9662
9650
9717
9681
9688
9650
9629
9715
9634
9714
9668
9725
9638
9695
9672
9647
9688
9637
9644
9659
9733
9692
9710
9733
9670
9647
9722
9698
9721
9666
9676
9726
9728
9664
9726
9729
9750
9745
9734
9678
9700
9698
9746
9670
9675
9760
9721
9678
9685
9692
9686
9740
9703
9738
9752
9709
9717
9730
9686
9704
9752
9689
9772
9748
9714
9766
9750
9750
9763
9727
9696
9707
9778
9759
9712
9716
9703
9720
9794
9720
9753
9782
9730
9742
9745
9784
9727
9722
9709
9737
9740
9794
9723
9736
9782
9788
9719
9742
9749
9763
9753
9815
9744
9802
9784
9735
9752
9798
9760
9783
9803
9823
9815
9732
9792
9805
9780
9765
9817
9742
9785
9779
9809
9753
9788
9786
9766
9798
9807
9754
9787
9807
9756
9848
9787
9766
9757
9757
9847
9819
9857
9845
9822
9767
9830
9849
9776
9863
9815
9774
9783
9839
9783
9776
9858
9857
9795
9800
9822
9855
9839
9815
9823
9849
9785
9791
9784
9819
9824
9879
9849
9819
9857
9842
9841
9892
9840
9859
9839
9872
9818
9842
9855
9860
9838
9817
9853
9816
9847
9856
9843
9892
9834
9883
9889
9816
9830
9856
9899
9828
9896
9852
9908
9903
9838
9903
9856
9857
9877
9830
9915
9914
9907
9911
9898
9890
9911
9867
9908
9917
9854
9845
9878
9886
9881
9849
9857
9910
9849
9880
9918
9863
9910
9898
9910
9945
9949
9953
9889
9863
9900
9949
9924
9880
9906
9885
9891
9871
9940
9944
9872
9922
9915
9893
9950
9938
9928
9898
9914
9966
9936
9945
9922
9900
9954
9924
9905
9938
9943
9908
9913
9935
9906
9912
9930
9980
9921
9973
9909
9927
9942
9992
9953
9919
10001
9987
9965
9911
9937
9972
9912
9945
9917
9932
9913
9930
9973
9922
9965
9929
9956
10013
9968
9965
9981
9965
10012
9986
9966
10009
9947
9933
9993
10016
9945
9958
10013
10002
9955
10028
9945
10000
9983
10010
9954
9992
10016
10044
9988
10001
10041
10035
10037
9979
9970
9993
10052
9971
10025
9959
9994
9990
10004
10026
9991
9976
10019
10032
10057
10002
10048
9985
9973
9972
10035
10023
9999
10009
10025
9993
9985
10015
10037
10080
10006
10014
10062
9986
10042
10005
10085
10086
10057
10069
10056
10043
10000
10002
9996
10028
10059
10034
10036
10098
10042
10101
10020
10030
10102
10026
10038
10073
10063
10014
10088
10071
10069
10070
10077
10023
10075
10032
10097
10066
10069
10083
10110
10041
10122
10100
10099
10080
10113
10037
10084
10049
10072
10058
10091
10065
10137
10097
10050
10042
10043
10065
10087
10121
10098
10134
10140
10061
10106
10093
10090
10140
10102
10114
10152
10147
10150
10156
10091
10126
10153
10152
10128
10151
10125
10099
10069
10138
10097
10103
10116
10117
10163
10092
10113
10127
10120
10146
10155
10107
10151
10165
10101
10138
10155
10178
10161
10106
10103
10098
10144
10115
10136
10188
10154
10194
10127
10128
10132
10145
10137
10138
10193
10196
10164
10201
10157
10132
10198
10195
10117
10125
10202
10147
10193
10209
10197
10184
10173
10176
10214
10191
10212
10150
10203
10173
10176
10205
10182
10206
10155
10157
10148
10185
10146
10217
10221
10211
10183
10209
10213
10145
10238
10160
10211
10235
10181
10234
10163
10174
10196
10196
10230
10202
10225
10205
10207
10200
10254
10184
10206
10207
10193
10234
10195
10185
10172
10226
10206
10253
10234
10217
10225
10243
10260
10198
10238
10236
10257
10228
10186
10207
10193
10279
10199
10272
10216
10199
10227
10260
10280
10250
10262
10280
10201
10227
10228
10281
10225
10263
10296
10211
10213
10259
10273
10208
10244
10209
10289
10279
10307
10245
10218
10270
10220
10304
10223
10221
10291
10236
10250
10305
10233
10313
10300
10286
10295
10304
10274
10276
10328
10285
10317
10250
10287
10336
10263
10322
10248
10274
10333
10256
10332
10328
10327
10345
10268
10284
10275
10294
10298
10283
10262
10329
10338
10263
10291
10343
10309
10289
10279
10359
10304
10306
10312
10277
10323
10338
10271
10318
10303
10336
10282
10295
10293
10301
10342
10303
10303
10309
10302
10285
10285
10343
10367
10369
10337
10364
10346
10328
10325
10336
10322
10310
10298
10360
10352
10339
10354
10319
10380
10401
10385
10353
10329
10337
10321
10318
10346
10386
10366
10335
10393
10389
10409
10322
10405
10411
10361
10374
10331
10346
10391
10387
10379
10376
10416
10391
10331
10428
10386
10384
10412
10434
10342
10433
10375
10396
10387
10352
10423
10351
10428
10408
10439
10441
10353
10372
10405
10413
10429
10374
10367
10383
10412
10411
10421
10391
10423
10428
10413
10364
10429
10431
10417
10462
10433
10429
10416
10418
10386
10395
10437
10455
10377
10469
10414
10454
10395
10415
10382
10426
10445
10392
10396
10427
10395
10396
10396
10454
10404
10418
10423
10482
10441
10398
10444
10408
10405
10410
10458
10455
10432
10443
10444
10456
10500
10456
10441
10436
10432
10471
10482
10461
10501
10425
10508
10484
10436
10505
10453
10459
10469
10517
10523
10444
10442
10454
10506
10438
10457
10480
10511
10472
10480
10448
10472
10503
10537
10488
10442
10486
10541
10462
10451
10455
10528
10493
10479
10508
10454
10476
10514
10533
10542
10511
10461
10488
10543
10479
10526
10486
10549
10505
10510
10557
10546
10514
10532
10505
10561
10564
10496
10557
10504
10482
10484
10480
10485
10552
10526
10580
10563
10568
10536
10560
10533
10540
10514
10504
10550
10513
10540
10535
10530
10527
10581
10546
10504
10525
10574
10581
10508
10566
10605
10522
10606
10537
10532
10589
10558
10577
10566
10546
10589
10548
10564
10554
10617
10578
10583
10550
10572
10597
10547
10544
10624
10612
10563
10589
10580
10585
10557
10624
10576
10602
10546
10553
10627
10604
10570
10564
10600
10617
10621
10609
10569
10615
10645
10648
10611
10645
10653
10638
10636
10612
10602
10585
10654
10584
10636
10563
10641
10603
10631
10588
10571
10571
10609
10632
10600
10655
10630
10646
10619
10672
10660
10658
10595
10586
10649
10601
10586
10661
10648
10616
10662
10645
10637
10622
10619
10624
10608
10626
10604
10661
10638
10646
10628
10661
10678
10675
10693
10661
10696
10684
10635
10669
10610
10636
10705
10613
10689
10698
10710
10623
10636
10685
10621
10672
10631
10660
10664
10668
10692
10670
10655
10717
10713
10700
10681
10698
10645
10699
10645
10715
10677
10660
10702
10664
10704
10654
10704
10712
10732
10736
10660
10701
10673
10721
10680
10701
10713
10752
10690
10726
10662
10740
10738
10673
10750
10708
10738
10688
10679
10693
10734
10715
10675
10730
10761
10750
10688
10740
10774
10714
10682
10699
10704
10691
10713
10688
10696
10719
10693
10740
10709
10750
10764
10761
10780
10776
10729
10758
10727
10709
10718
10708
10701
10741
10800
10762
10790
10787
10735
10802
10747
10739
10732
10738
10736
10801
10746
10730
10762
10770
10747
10815
10754
10789
10725
10777
10782
10779
10813
10728
10802
10747
10760
10773
10760
10814
10780
10791
10745
10791
10802
10809
10748
10779
10757
10743
10754
10826
10773
10800
10765
10755
10844
10818
10781
10800
10783
10802
10764
10793
10856
10776
10826
10824
10798
10840
10842
10853
10861
10835
10775
10859
10797
10798
10793
10857
10828
10803
10830
10781
10853
10786
10782
10798
10810
10830
10785
10793
10840
10819
10838
10850
10889
10869
10883
10812
10893
10868
10860
10830
10868
10823
10891
10835
10886
10808
10898
10857
10868
10836
10882
10899
10850
10887
10852
10882
10874
10841
10835
10854
10832
10888
10879
10829
10837
10850
10873
10858
10912
10854
10902
10841
10897
10846
10883
10903
10898
10844
10933
10926
10896
10871
10906
10889
10938
10860
10864
10864
10919
10867
10940
10939
10914
10875
10928
10909
10899
10933
10950
10883
10951
10922
10943
10957
10874
10934
10938
10946
10867
10872
10929
10962
10888
10906
10912
10951
10929
10933
10947
10883
10878
10896
10963
10909
10981
10965
10892
10888
10921
10930
10908
10943
10932
10986
10935
10972
10955
10935
10932
10981
10958
10979
10983
10993
10995
10997
10941
10992
10936
11001
10944
10910
10967
10928
10956
10953
10996
11005
10976
10973
10986
10949
10963
11008
11014
11003
10944
10994
10936
11026
10982
11010
11025
10997
10957
10942
11003
11027
11017
10981
10980
10994
10986
11034
11006
10955
11005
10971
11025
10948
10978
10964
11037
11032
11035
10957
11038
10984
10986
11003
11028
11004
10991
11033
10974
10985
11038
10990
11007
11009
11055
11055
10994
10995
10988
11055
11052
11073
11003
11023
11027
11068
11009
10990
11079
11076
11035
11043
11018
11038
11000
11034
11023
11011
11022
11067
11015
11005
11000
11018
11024
11058
11099
11033
11036
11084
11088
11068
11090
11073
11080
11100
11033
11032
11020
11088
11063
11103
11053
11066
11071
11047
11089
11035
11053
11079
11096
11055
11026
11063
11096
11117
11078
11069
11119
11065
11123
11106
11124
11119
11135
11060
11093
11101
11072
11066
11079
11093
11052
11139
11142
11115
11083
11077
11064
11150
11088
11130
11070
11069
11150
11100
11077
11103
11114
11125
11101
11112
11084
11165
11157
11091
11141
11084
11090
11080
11112
11164
11098
11088
11091
11174
11125
11121
11101
11122
11141
11164
11173
11182
11098
11139
11139
11189
11118
11170
11128
11169
11129
11140
11190
11178
11166
11140
11195
11202
11127
11152
11150
11167
11196
11155
11136
11174
11136
11208
11172
11210
11137
11191
11208
11215
11128
11192
11213
11206
11212
11216
11201
11219
11171
11216
11160
11219
11192
11180
11165
11217
11225
11221
11207
11196
11159
11232
11161
11239
11208
11196
11207
11204
11160
11152
11174
11185
11212
11158
11190
11203
11183
11253
11196
11258
11219
11247
11177
11200
11204
11261
11181
11229
11245
11202
11258
11217
11201
11237
11264
11249
11221
11247
11225
11201
11262
11200
11184
11222
11275
11246
11217
11191
11248
11286
11238
11253
11247
11245
11194
11248
11238
11254
11267
11277
11230
11269
11239
11214
11254
11210
11223
11234
11292
11288
11283
11257
11310
11290
11247
11224
11299
11311
11299
11276
11286
11280
11235
11300
11254
11283
11298
11311
11254
11250
11325
11269
11291
11307
11266
11282
11325
11322
11272
11296
11283
11317
11311
11289
11303
11321
11314
11252
11278
11339
11322
11267
11270
11262
11313
11312
11282
11282
11356
11345
11289
11283
11281
11336
11320
11309
11278
11341
11313
11342
11293
11326
11306
11365
11301
11316
11302
11307
11283
11347
11361
11371
11330
11367
11363
11322
11342
11304
11353
11356
11293
11377
11322
11310
11375
11392
11339
11396
11307
11396
11311
11324
11359
11385
11361
11318
11380
11316
11341
11361
11361
11407
11401
11401
11327
11356
11366
11416
11347
11377
11411
11400
11356
11356
11390
11392
11410
11370
11394
11368
11374
11369
11423
11340
11363
11349
11420
11375
11424
11402
11349
11380
11413
11383
11353
11355
11367
11398
11408
11356
11408
11377
11393
11426
11446
11387
11382
11400
11452
11447
11388
11380
11459
11427
11417
11455
11373
11451
11462
11393
11371
11403
11433
11432
11388
11418
11442
11379
11476
11418
11461
11455
11465
11423
11391
11452
11443
11397
11444
11410
11448
11467
11443
11419
11487
11477
11448
11451
11406
11496
11494
11439
11432
11441
11460
11421
11498
11506
11449
11458
11456
11427
11437
11510
11434
11491
11489
11454
11471
11432
11446
11444
11451
11484
11446
11449
11466
11473
11496
11504
11434
11473
11488
11474
11457
11475
11517
11469
11536
11495
11449
11483
11442
11505
11476
11494
11545
11476
11473
11491
11524
11514
11534
11466
11535
11544
11485
11464
11468
11540
11505
11515
11510
11513
11503
11472
11563
11501
11472
11498
11527
11568
11491
11475
11559
11557
11492
11535
11553
11542
11546
11534
11506
11532
11579
11553
11559
11546
11492
11513
11576
11535
11565
11592
11582
11574
11581
11543
11559
11533
11546
11509
11572
11577
11603
11567
11554
11536
11534
11577
11516
11532
11524
11558
11568
11561
11607
11533
11552
11563
11602
11603
11576
11619
11621
11601
11623
11586
11575
11592
11547
11623
11534
11541
11629
11565
11575
11634
11603
11577
11608
11619
11555
11567
11578
11605
11547
11614
11599
11606
11607
11593
11579
11588
11555
11613
11612
11647
11627
11648
11610
11572
11606
11616
11598
11589
11576
11618
11577
11620
11642
11613
11605
11642
11655
11637
11587
11599
11636
11623
11607
11664
11668
11623
11617
11669
11630
11605
11589
11661
11641
11620
11623
11607
11606
11631
11655
11635
11682
11662
11638
11657
11669
11652
11604
11677
11642
11637
11652
11703
11701
11693
11672
11710
11694
11696
11669
11678
11702
11650
11681
11637
11653
11660
11709
11722
11662
11699
11688
11657
11678
11702
11726
11675
11667
11734
11707
11648
11726
11651
11669
11733
11651
11698
11654
11662
11655
11663
11740
11709
11743
11689
11729
11740
11703
11664
11685
11732
11756
11663
11744
11738
11696
11752
11669
11690
11708
11696
11707
11700
11675
11724
11686
11727
11705
11773
11774
11710
11688
11748
11764
11695
11685
11772
11745
11743
11697
11755
11782
11706
11739
11742
11721
11760
11694
11725
11786
11796
11793
11771
11709
11774
11787
11748
11722
11744
11754
11769
11713
11738
11751
11801
11752
11727
11790
11812
11792
11790
11737
11804
11762
11741
11805
11817
11776
11757
11790
11767
11778
11777
11760
11826
11831
11823
11772
11832
11818
11774
11823
11813
11797
11772
11779
11827
11812
11844
11837
11796
11797
11818
11848
11790
11780
11822
11834
11851
11814
11767
11845
11830
11781
11855
11764
11851
11803
11782
11829
11861
11867
11819
11835
11859
11780
11813
11818
11821
11860
11873
11867
11806
11853
11805
11857
11874
11808
11804
11804
11823
11848
11810
11834
11821
11818
11849
11832
11831
11852
11832
11877
11837
11807
11840
11805
11830
11813
11886
11904
11860
11821
11868
11812
11887
11845
11821
11908
11856
11870
11872
11884
11907
11829
11893
11916
11829
11825
11827
11827
11839
11871
11866
11849
11904
11869
11858
11866
11930
11916
11927
11932
11853
11884
11916
11893
11880
11845
11874
11930
11937
11931
11936
11907
11891
11913
11898
11912
11875
11870
11900
11915
11931
11893
11908
11914
11912
11880
11905
11948
11916
11952
11942
11875
11941
11877
11948
11961
11882
11931
11881
11954
11928
11939
11963
11885
11928
11904
11948
11962
11980
11974
11891
11937
11985
11933
11949
11930
11921
11940
11944
11899
11968
11995
11956
11997
11983
11922
11965
11937
11969
11953
11995
11921
11959
11945
11953
11924
11949
11985
12007
11937
11930
11986
12002
11970
11928
11961
11989
12010
11978
11999
11949
11961
11932
12025
11991
11992
12013
11984
12008
12018
11996
12011
11983
12008
12012
11998
12013
11947
11951
12001
12032
11988
12035
11964
12044
12017
11981
11965
11974
12016
11996
11983
11980
12033
11985
11991
12027
12048
12033
11982
11978
11978
12037
12052
12037
12052
12006
12036
12025
12059
12007
12030
12003
12038
12053
12058
12055
11987
12023
11998
12085
12036
12077
12087
12000
12008
12043
12033
12006
12019
12062
12034
12031
12079
12066
12079
12095
12064
12026
12083
12069
12039
12069
12084
12081
12083
12058
12032
12019
12038
12085
12037
12069
12069
12038
12085
12061
12087
12030
12058
12084
12076
12067
12093
12063
12063
12134
12056
12088
12103
12083
12113
12078
12068
12138
12104
12047
12132
12074
12068
12081
12121
12138
12095
12087
12085
12100
12118
12068
12134
12074
12122
12084
12138
12152
12068
12100
12135
12155
12102
12155
12073
12161
12117
12098
12080
12172
12136
12077
12084
12141
12167
12115
12096
12143
12089
12124
12130
12146
12127
12148
12129
12189
12142
12141
12120
12119
12101
12108
12098
12138
12133
12154
12121
12142
12122
12125
12170
12200
12203
12122
12179
12176
12159
12154
12143
12213
12188
12185
12146
12144
12138
12204
12157
12136
12193
12208
12180
12212
12215
12152
12213
12204
12190
12215
12212
12144
12151
12174
12189
12153
12142
12214
12192
12143
12156
12241
12238
12181
12211
12203
12220
12169
12191
12184
12251
12211
12164
12218
12219
12232
12165
12178
12185
12190
12250
12248
12199
12252
12194
12260
12174
12207
12173
12260
12202
12255
12189
12208
12223
12208
12260
12264
12213
12251
12200
12280
12272
12223
12233
12265
12238
12198
12290
12289
12205
12252
12200
12220
12289
12262
12287
12291
12230
12290
12207
12226
12282
12209
12284
12212
12302
12227
12265
12263
12216
12241
12217
12244
12293
12304
12222
12312
12292
12289
12238
12292
12260
12321
12242
12259
12303
12304
12236
12271
12300
12262
12278
12286
12304
12245
12328
12337
12257
12330
12317
12282
12330
12299
12276
12345
12264
12305
12263
12307
12289
12313
12264
12306
12268
12318
12350
12298
12306
12269
12287
12339
12327
12333
12345
12354
12316
12324
12324
12364
12306
12285
12333
12366
12310
12300
12304
12341
12356
12355
12288
12360
12326
12332
12338
12340
12291
12316
12357
12354
12313
12388
12370
12311
12349
12370
12315
12317
12363
12303
12316
12392
12382
12391
12358
12327
12344
12385
12344
12358
12362
12327
12327
12375
12359
12417
12349
12410
12400
12392
12416
12333
12362
12351
12379
12337
12392
12409
12361
12348
12395
12351
12397
12429
12338
12425
12399
12417
12387
12352
12373
12436
12422
12411
12350
12393
12390
12375
12442
12361
12367
12391
12423
12407
12409
12395
12425
12426
12378
12376
12378
12410
12391
12378
12403
12431
12392
12462
12424
12377
12430
12386
12427
12425
12418
12443
12398
12407
12479
12405
12423
12448
12470
12432
12400
12481
12417
12438
12475
12492
12427
12482
12441
12421
12483
12483
12457
12489
12417
12466
12422
12461
12473
12466
12457
12443
12502
12457
12436
12459
12508
12453
12513
12463
12504
12508
12486
12505
12452
12482
12426
12467
12463
12452
12442
12528
12479
12472
12454
12529
12459
12511
12449
12463
12484
12531
12457
12490
12479
12481
12501
12483
12496
12484
12498
12535
12543
12453
12542
12530
12501
12537
12475
12515
12476
12467
12483
12481
12544
12551
12531
12505
12540
12506
12508
12475
12538
12489
12562
12554
12572
12522
12505
12523
12481
12549
12507
12523
12536
12505
12529
12493
12564
12585
12545
12511
12507
12504
12517
12587
12515
12592
12561
12525
12516
12598
12554
12507
12552
12531
12597
12561
12575
12544
12560
12536
12578
12597
12555
12569
12537
12516
12591
12610
12522
12558
12607
12617
12552
12607
12542
12619
12557
12548
12615
12612
12604
12630
12565
12604
12631
12624
12616
12579
12618
12576
12625
12617
12636
12552
12547
12616
12555
12614
12592
12573
12612
12647
12649
12649
12573
12642
12598
12582
12598
12600
12612
12634
12640
12618
12651
12611
12665
12643
12623
12576
12592
12624
12657
12627
12603
12583
12664
12665
12625
12627
12667
12614
12596
12641
12622
12613
12587
12682
12665
12610
12670
12683
12615
12647
12682
12654
12678
12610
12686
12646
12614
12611
