679
814
316
489
829
560
851
504
700
328
816
725
265
700
790
734
688
801
598
427
305
780
786
436
607
449
394
471
393
765
347
763
215
594
816
463
267
529
748
426
614
309
584
288
741
302
596
483
578
222
598
490
285
564
630
262
446
284
305
359
598
316
411
737
763
543
634
774
638
415
192
789
231
434
470
759
695
676
352
519
222
438
519
353
640
760
622
189
642
476
308
746
315
761
648
462
688
473
400
307
394
363
720
216
376
439
253
501
291
318
154
646
153
357
487
739
236
761
494
162
204
620
216
326
145
383
556
710
479
586
710
527
681
510
599
702
324
601
298
322
714
344
395
214
286
661
358
388
634
274
583
175
552
449
194
105
216
533
247
88
250
269
220
541
311
641
270
381
572
553
426
470
515
104
130
490
589
244
61
216
207
225
489
576
577
505
71
289
173
272
597
52
146
156
503
88
50
672
129
559
535
580
559
371
436
212
206
529
328
656
252
178
563
331
559
314
291
249
597
151
145
566
474
499
555
326
59
209
114
143
429
372
590
104
69
602
139
460
477
623
125
254
349
63
114
502
518
96
331
296
104
421
528
489
207
612
192
189
186
131
432
325
63
-3
129
244
400
-29
13
404
463
524
237
584
111
222
1
27
332
293
535
435
185
461
539
174
48
532
27
46
547
-20
-41
208
512
193
498
343
554
26
228
231
307
332
243
-26
72
219
384
75
-1
236
214
27
-44
184
87
134
25
487
311
542
54
-35
432
-35
-79
-88
145
400
117
155
194
253
267
124
-4
404
347
167
34
419
463
-60
328
-95
-21
215
-79
315
438
83
128
95
40
275
339
436
112
8
240
461
-51
-72
162
256
-39
332
-5
449
481
72
419
-83
334
355
294
185
-132
440
-27
275
482
155
-117
329
9
92
368
427
325
242
139
-97
28
48
-139
162
-19
-153
278
-67
182
256
324
290
384
219
438
142
423
161
192
-107
-133
149
13
151
32
103
-155
166
23
-98
-27
-84
234
-136
290
-148
342
-187
-166
-153
244
309
-147
415
-24
209
85
260
211
-3
313
-194
174
3
105
-41
187
135
-81
-160
134
-93
201
173
-94
18
-77
113
-25
6
34
250
-157
400
-196
-219
-147
-169
-209
-162
-90
256
263
248
-16
98
-138
229
252
352
41
379
-131
-1
-130
61
-29
-130
-74
-240
240
188
-105
132
-18
256
-199
291
-180
370
-197
76
87
239
116
55
242
-134
200
306
321
-161
66
-131
49
178
-30
27
230
-254
58
-236
-33
331
162
-204
-271
-62
235
-93
288
280
237
325
-151
273
59
293
-298
-109
55
119
72
-21
-213
-47
135
-169
-85
119
277
-150
225
130
95
-224
-258
-2
202
87
225
-182
267
-114
257
-121
-116
245
-6
-242
-225
-117
109
-308
-3
-249
59
-18
-86
-219
-178
-234
267
-16
-116
-124
33
-126
55
12
74
101
-39
238
-332
266
-118
53
-281
90
-338
253
-193
-253
148
-280
117
-239
234
125
226
248
206
-252
187
-5
-294
43
167
-81
-134
65
74
-150
146
-48
206
-207
-242
-223
-52
-279
-288
-357
-129
-379
-143
-65
198
-335
70
-163
169
-391
0
-128
-248
-262
117
-334
-103
67
-109
-88
159
-321
-183
-419
-137
-230
-233
171
-264
-338
60
-423
-133
190
-217
-334
-187
-61
38
-353
-374
-39
-165
63
-135
-263
-144
48
78
-9
-113
-324
184
-384
-123
-411
-132
-105
-149
-29
-454
168
-444
-108
-44
-311
86
-393
145
-215
111
-92
157
-303
35
-196
-474
-430
63
-454
-436
-32
-50
-395
-249
-398
-357
-390
-348
-137
-189
-15
-170
-147
-333
-457
-243
-190
-47
66
68
-339
-142
-114
-163
-350
101
-441
-223
-192
107
-482
26
-76
-239
-440
-348
-242
-435
-86
-63
-23
-7
-121
-455
-512
-132
-207
-248
25
15
-471
-4
-194
-55
-410
-470
71
-331
11
-9
-511
-413
-276
-543
-220
-101
-122
-450
-521
85
-427
-482
-250
10
-50
-294
-543
-399
-55
-134
-297
-34
-155
-137
-221
-560
46
-401
-306
46
-51
-531
54
29
-573
-362
58
-535
11
-329
-376
-354
29
1
-561
-542
-316
-105
-241
-354
-262
1
-499
-538
-15
-166
-457
-60
-411
14
-180
36
-395
-422
-309
-408
-509
-99
-17
-82
-313
-327
-494
-409
-241
-217
-316
-388
-267
-410
-296
-280
-185
-458
-395
-457
-363
-135
-305
-579
-532
-30
-520
-203
-18
-345
-497
-500
-639
-403
-492
-475
-191
-204
-468
-113
-397
-291
-42
-647
-109
-637
-563
-405
-329
-232
-494
-529
-644
-340
-631
-496
-547
-186
-111
-513
-101
-607
-200
-269
-245
-45
-632
-323
-592
-337
-264
-102
-666
-455
-59
-158
-74
-249
-219
-628
-613
-52
-531
-374
-385
-623
-358
-178
-513
-369
-235
-568
-408
-616
-506
-149
-236
-568
-75
-588
-266
-548
-610
-189
-109
-200
-286
-235
-496
-712
-463
-562
-562
-135
-260
-648
-347
-456
-643
-470
-664
-675
-557
-271
-508
-725
-487
-614
-655
-372
-567
-395
-405
-485
-586
-105
-159
-601
-651
-610
-707
-630
-235
-132
-315
-363
-562
-285
-210
-436
-269
-496
-692
-289
-490
-664
-598
-249
-451
-452
-717
-607
-640
-722
-620
-367
-479
-456
-279
-173
-408
-444
-323
-214
-688
-290
-689
-375
-298
-289
-723
-510
-480
-621
-281
-454
-168
-423
-297
-293
-791
-566
-464
-528
-174
-535
-580
-520
-269
-239
-297
-772
-448
-668
-567
-549
-290
-814
-546
-731
-663
-399
-342
-572
-674
-352
-200
-468
-398
-567
-330
-677
-522
-393
-277
-276
-584
-597
-766
-322
-772
-620
-386
-616
-587
-313
-724
-672
-325
-447
-777
-617
-414
-499
-428
-460
-572
-382
-544
-252
-362
-734
-289
-231
-832
-328
-379
-341
-472
-724
-450
-482
-366
-708
-493
-586
-730
-281
-686
-730
-295
-532
-434
-601
-368
-502
-308
-327
-435
-501
-295
-533
-711
-674
-740
-423
-306
-892
-491
-627
-659
-897
-765
-780
-472
-478
-602
-530
-268
-484
-844
-274
-445
-862
-657
-350
-831
-715
-663
-719
-628
-318
-569
-616
-572
-635
-508
-292
-777
-774
-477
-832
-530
-529
-851
-496
-846
-731
-364
-474
-332
-378
-610
-827
-604
-561
-917
-650
-682
-862
-564
-480
-718
-651
-402
-819
-470
-800
-338
-862
-640
-923
-345
-458
-388
-789
-400
-376
-833
-552
-830
-642
-646
-701
-770
-766
-934
-418
-700
-755
-834
-367
-563
-766
-471
-422
-435
-937
-714
-561
-638
-665
-389
-648
-624
-889
-664
-587
-770
-811
-958
-572
-828
-975
-798
-1000
-433
-885
-810
-447
-807
-929
-767
-807
-372
-828
-654
-729
-937
-424
-839
-461
-862
-439
-1024
-708
-836
-406
-940
-711
-1010
-681
-683
-602
-399
-942
-588
-777
-562
-1031
-785
-989
-911
-687
-983
-512
-860
-412
-888
-477
-595
-642
-667
-525
-786
-667
-869
-598
-427
-655
-697
-591
-1029
-583
-820
-599
-834
-1015
-687
-762
-543
-944
-500
-1044
-597
-970
-1007
-676
-839
-740
-873
-970
-674
-467
-655
-566
-661
-799
-924
-1062
-957
-1000
-804
-668
-811
-971
-734
-865
-910
-731
-642
-600
-490
-1037
-924
-541
-857
-1035
-592
-1000
-781
-694
-782
-625
-811
-928
-685
-741
-795
-948
-721
-504
-803
-640
-1117
-598
-1111
-933
-514
-873
-793
-835
-715
-727
-851
-1004
-1009
-636
-1136
-855
-676
-645
-657
-873
-668
-703
-607
-624
-541
-1000
-575
-721
-840
-760
-1104
-699
-1046
-1113
-606
-524
-1010
-779
-857
-892
-990
-993
-1013
-529
-850
-805
-749
-608
-616
-953
-759
-999
-631
-559
-696
-1088
-783
-701
-1110
-673
-797
-930
-1015
-1164
-1023
-740
-758
-817
-944
-960
-603
-948
-1142
-669
-1030
-557
-870
-1182
-887
-669
-750
-1073
-971
-905
-1193
-971
-1022
-1023
-934
-979
-904
-1069
-1043
-786
-860
-1181
-645
-1026
-587
-852
-761
-742
-882
-993
-948
-779
-797
-960
-940
-950
-730
-917
-979
-704
-824
-1040
-1157
-1127
-849
-952
-984
-1070
-897
-642
-1150
-678
-925
-1243
-1024
-731
-745
-764
-1204
-1007
-1051
-1061
-652
-1146
-882
-1011
-795
-698
-774
-1099
-725
-945
-756
-1074
-1142
-1149
-1161
-1171
-992
-830
-897
-1029
-787
-1279
-1126
-1007
-1039
-682
-1268
-945
-796
-838
-694
-795
-913
-962
-868
-653
-1016
-1076
-1216
-759
-730
-1047
-981
-789
-784
-703
-724
-1122
-997
-877
-832
-832
-863
-675
-1086
-739
-1034
-1248
-1193
-729
-792
-921
-888
-1229
-1038
-1078
-912
-993
-803
-1188
-1073
-1093
-1218
-1104
-1216
-1291
-1280
-991
-1311
-1263
-960
-1191
-977
-1106
-1167
-1250
-1023
-989
-1026
-1101
-1190
-1327
-922
-1049
-1239
-891
-1148
-1265
-1040
-1208
-943
-1329
-910
-730
-1336
-1227
-1078
-1125
-791
-1097
-1071
-787
-800
-1006
-862
-1174
-1184
-1239
-1244
-1259
-1008
-905
-920
-841
-809
-1354
-1092
-756
-1059
-1067
-1304
-1352
-1262
-762
-1157
-1077
-1088
-895
-949
-1378
-1074
-1300
-1368
-1229
-1181
-1351
-1373
-1017
-1033
-1106
-1005
-1278
-1026
-789
-1347
-1175
-1227
-792
-1070
-1341
-932
-1087
-880
-1259
-1312
-816
-1286
-1370
-1071
-1175
-1022
-1365
-1355
-1321
-1316
-1250
-934
-990
-837
-1054
-894
-931
-1245
-1226
-1349
-1403
-1148
-1329
-1307
-1286
-922
-1241
-821
-1109
-1238
-1127
-1377
-1087
-854
-944
-948
-1100
-959
-1380
-1053
-1340
-1205
-1374
-1250
-1181
-1121
-1092
-907
-1224
-977
-850
-1182
-1226
-1077
-953
-892
-1092
-1220
-1013
-1429
-977
-1455
-1069
-1367
-1266
-851
-1280
-939
-1093
-1341
-1226
-1376
-885
-1206
-896
-1311
-1443
-1355
-1454
-1401
-1086
-1340
-1278
-1488
-1489
-938
-974
-887
-1017
-1394
-1158
-1083
-988
-1158
-1514
-907
-1413
-1217
-1468
-1429
-1514
-1367
-931
-916
-1278
-1044
-1460
-966
-1130
-1043
-1504
-983
-1102
-1023
-1260
-1462
-1141
-1204
-1051
-1125
-1286
-1400
-1504
-1511
-1308
-936
-1103
-1281
-1481
-1490
-1203
-1310
-983
-1481
-1342
-1552
-1043
-1307
-1420
-1296
-1458
-1386
-1531
-1140
-1155
-1413
-1276
-1387
-1482
-1392
-1400
-997
-1368
-1320
-1028
-1247
-1344
-1009
-1026
-1284
-1217
-994
-1477
-1336
-1258
-1194
-1533
-1359
-1372
-997
-1305
-1340
-1527
-1219
-1071
-1585
-1513
-989
-1260
-1007
-966
-1004
-1006
-1128
-1001
-1111
-1489
-1464
-1112
-1576
-1136
-1180
-1158
-1368
-1395
-992
-1378
-1404
-1471
-1354
-1395
-1403
-1447
-1619
-1275
-1477
-1291
-1440
-1350
-1371
-1343
-1141
-1085
-1161
-1602
-1087
-1089
-1137
-1011
-1338
-1508
-1065
-1621
-1028
-1374
-1093
-1408
-1470
-1652
-1598
-1225
-1575
-1597
-1616
-1159
-1599
-1249
-1527
-1547
-1305
-1560
-1247
-1304
-1565
-1422
-1525
-1319
-1413
-1048
-1532
-1464
-1135
-1541
-1669
-1042
-1324
-1292
-1166
-1656
-1346
-1509
-1455
-1438
-1639
-1314
-1142
-1064
-1236
-1221
-1631
-1092
-1153
-1197
-1515
-1231
-1125
-1521
-1601
-1619
-1359
-1086
-1141
-1612
-1104
-1336
-1593
-1223
-1206
-1171
-1535
-1194
-1194
-1473
-1635
-1677
-1511
-1551
-1301
-1478
-1211
-1093
-1523
-1413
-1665
-1117
-1679
-1580
-1543
-1130
-1391
-1383
-1267
-1341
-1134
-1420
-1361
-1270
-1607
-1168
-1392
-1424
-1676
-1690
-1642
-1630
-1559
-1577
-1599
-1325
-1307
-1127
-1140
-1342
-1593
-1546
-1740
-1675
-1497
-1747
-1642
-1430
-1470
-1159
-1201
-1738
-1244
-1169
-1433
-1410
-1365
-1360
-1147
-1710
-1312
-1628
-1447
-1447
-1260
-1638
-1292
-1326
-1291
-1513
-1239
-1700
-1790
-1318
-1687
-1677
-1358
-1654
-1378
-1216
-1681
-1520
-1237
-1315
-1200
-1518
-1689
-1324
-1315
-1188
-1432
-1785
-1168
-1712
-1560
-1557
-1576
-1678
-1753
-1478
-1215
-1558
-1681
-1202
-1769
-1207
-1223
-1698
-1748
-1266
-1525
-1410
-1484
-1392
-1523
-1218
-1321
-1391
-1659
-1691
-1406
-1473
-1440
-1669
-1722
-1721
-1559
-1285
-1357
-1215
-1502
-1479
-1212
-1740
-1782
-1694
-1595
-1564
-1655
-1456
-1310
-1281
-1263
-1760
-1266
-1731
-1675
-1851
-1487
-1635
-1402
-1430
-1418
-1448
-1432
-1628
-1483
-1387
-1706
-1484
-1350
-1254
-1697
-1513
-1699
-1485
-1408
-1508
-1350
-1472
-1819
-1304
-1406
-1699
-1330
-1598
-1559
-1767
-1352
-1788
-1726
-1899
-1721
-1497
-1607
-1597
-1539
-1411
-1828
-1660
-1279
-1743
-1575
-1468
-1615
-1585
-1697
-1425
-1361
-1601
-1445
-1902
-1340
-1855
-1487
-1478
-1488
-1701
-1462
-1912
-1353
-1332
-1451
-1574
-1488
-1524
-1363
-1805
-1865
-1813
-1439
-1433
-1708
-1302
-1560
-1403
-1890
-1878
-1692
-1722
-1347
-1511
-1764
-1577
-1570
-1830
-1657
-1380
-1798
-1454
-1597
-1613
-1777
-1364
-1889
-1787
-1450
-1465
-1534
-1730
-1824
-1510
-1477
-1663
-1730
-1475
-1622
-1621
-1385
-1561
-1469
-1482
-1448
-1465
-1671
-1362
-1491
-1927
-1962
-1610
-1707
-1543
-1857
-1404
-1765
-1407
-1936
-1868
-1752
-1406
-1842
-1458
-1886
-1408
-1906
-1796
-1991
-1485
-1576
-1386
-1429
-1463
-1601
-1558
-1581
-1597
-1590
-1850
-1820
-1916
-1958
-1842
-1923
-1990
-1830
-1994
-1995
-1424
-1440
-1595
-1396
-1958
-1732
-1568
-1563
-1621
-1590
-1953
-1906
-1790
-1525
-1396
-1795
-1888
-1735
-1903
-1448
-1691
-1653
-1575
-1427
-1409
-1621
-1414
-1683
-1796
-1982
-1857
-1431
-1605
-1982
-1521
-1517
-1711
-1660
-1952
-1445
-1736
-1949
-1876
-1853
-2065
-1667
-1615
-1692
-1693
-1563
-1655
-1828
-1881
-1452
-1823
-2071
-1543
-1822
-1774
-1720
-1768
-1599
-1859
-2015
-2034
-1738
-1643
-1729
-1614
-1773
-1601
-1760
-1489
-1661
-1697
-1738
-1946
-1742
-1648
-1785
-1795
-1873
-1739
-1919
-1790
-1968
-1850
-1599
-1571
-1533
-2025
-1590
-1619
-1788
-2071
-1824
-1521
-2096
-1833
-1666
-1695
-1675
-1508
-1839
-1671
-1895
-1904
-2011
-2120
-1618
-1609
-1641
-1569
-2124
-1598
-1755
-1947
-1647
-1937
-1950
-1762
-1551
-1808
-1968
-1654
-1513
-1910
-1699
-1794
-1990
-1636
-2105
-1727
-1887
-1628
-1646
-1899
-2023
-1951
-1566
-2059
-2117
-2064
-1768
-1581
-1950
-1610
-1740
-1640
-2099
-1539
-1731
-1760
-1789
-1631
-1582
-2096
-2002
-1608
-2132
-1707
-1905
-1882
-2016
-1793
-1568
-2149
-1984
-2025
-1609
-1934
-1877
-1653
-1705
-2049
-2172
-1649
-1940
-1568
-1665
-1890
-2038
-1893
-1604
-1737
-1817
-1966
-1611
-2143
-1721
-1954
-1758
-1903
-1829
-1740
-1637
-2081
-2052
-1629
-1933
-2216
-1678
-1936
-1906
-1969
-1796
-2004
-2161
-2115
-2072
-2167
-1973
-1947
-2216
-1784
-2114
-2211
-1910
-1729
-1853
-2147
-1648
-1721
-2055
-1924
-2077
-2251
-1850
-1760
-1935
-1647
-1796
-2190
-2029
-2179
-1839
-1731
-2135
-1702
-1945
-1762
-2196
-1637
-2229
-2055
-2208
-1681
-1876
-1924
-1963
-2130
-2095
-1782
-1732
-2040
-2253
-2025
-2032
-2092
-2085
-2075
-2147
-2225
-1825
-1814
-1999
-2030
-2083
-2115
-1653
-1821
-2064
-1758
-2124
-1752
-1803
-1709
-1740
-1978
-2186
-1930
-2133
-1716
-1986
-1726
-1971
-2160
-1768
-2254
-1688
-2269
-1883
-2165
-2174
-1780
-1680
-1987
-1720
-2017
-1706
-1891
-2071
-1843
-2069
-1723
-1770
-2319
-2259
-1907
-1697
-2257
-1896
-2135
-1781
-2024
-2010
-1952
-2205
-2260
-2206
-2313
-2133
-1952
-1797
-2193
-2227
-1789
-1790
-2135
-1758
-1910
-2226
-2334
-1912
-2326
-1741
-1983
-2062
-1861
-2065
-2190
-1753
-2184
-1945
-2071
-1944
-1812
-1937
-1768
-2091
-2349
-2113
-1901
-2160
-2273
-2245
-1740
-2257
-2230
-2076
-1966
-1853
-2213
-1940
-1784
-2172
-2130
-2066
-1863
-2112
-2007
-1830
-2043
-1862
-2275
-2085
-2360
-1790
-2213
-2379
-2352
-2205
-1835
-1937
-1880
-2134
-1817
-2114
-1871
-2252
-2144
-2212
-2300
-2313
-2157
-2036
-1825
-1824
-2379
-1992
-2095
-2113
-2049
-1862
-1793
-2377
-2345
-2006
-2053
-2259
-2069
-2041
-2013
-2031
-2253
-2238
-1819
-2072
-1894
-2402
-1904
-1813
-2319
-2419
-1934
-1933
-2082
-2314
-2094
-1938
-1844
-1985
-1978
-1931
-2272
-2323
-2062
-2403
-2390
-1849
-1826
-2036
-1924
-2379
-2060
-2357
-2348
-2318
-2157
-1842
-2186
-2374
-1864
-1898
-2447
-1879
-1852
-2279
-2284
-2388
-2016
-2216
-2230
-2133
-2335
-2183
-2043
-2366
-1981
-1988
-2213
-2437
-2228
-2345
-1915
-2137
-2455
-2006
-1989
-2384
-2009
-1980
-2347
-2091
-2375
-1953
-2377
-2022
-2396
-2481
-1951
-2499
-1928
-2269
-2104
-2445
-2111
-1887
-2182
-2372
-2120
-2281
-2275
-2182
-2033
-2448
-1972
-2039
-2304
-2513
-2449
-1935
-2099
-2180
-2236
-2395
-2444
-2137
-2339
-2261
-2512
-2539
-2191
-2285
-2518
-1980
-2107
-2019
-2354
-2404
-2407
-2024
-2118
-2555
-2267
-1994
-2127
-2348
-2043
-2542
-2193
-2537
-2532
-2332
-2432
-2467
-2502
-1997
-2232
-2351
-2152
-2081
-2135
-2559
-1978
-2333
-2433
-2304
-2344
-2315
-2583
-1989
-2361
-2081
-2433
-2387
-2327
-2024
-2435
-2195
-2302
-2188
-2365
-2478
-2301
-2175
-2318
-1981
-2008
-2096
-2144
-2094
-2524
-2226
-2484
-2158
-2529
-2250
-2127
-2066
-2021
-2465
-2486
-2332
-2304
-2562
-2488
-2458
-2172
-2280
-2475
-2338
-2422
-2466
-2415
-2466
-2295
-2240
-2476
-2598
-2179
-2615
-2082
-2564
-2496
-2177
-2587
-2296
-2321
-2147
-2111
-2395
-2201
-2066
-2619
-2494
-2627
-2138
-2272
-2551
-2390
-2219
-2594
-2451
-2457
-2048
-2110
-2496
-2020
-2381
-2587
-2517
-2534
-2418
-2512
-2484
-2363
-2299
-2057
-2563
-2360
-2500
-2510
-2265
-2406
-2635
-2448
-2512
-2316
-2625
-2676
-2395
-2062
-2233
-2503
-2586
-2216
-2568
-2315
-2261
-2165
-2229
-2355
-2289
-2113
-2082
-2104
-2460
-2665
-2153
-2564
-2235
-2232
-2469
-2707
-2505
-2461
-2222
-2079
-2361
-2307
-2542
-2706
-2439
-2223
-2242
-2197
-2669
-2481
-2424
-2579
-2306
-2096
-2166
-2604
-2601
-2135
-2417
-2124
-2408
-2208
-2252
-2181
-2528
-2125
-2122
-2115
-2154
-2128
-2197
-2732
-2111
-2350
-2674
-2393
-2693
-2334
-2611
-2567
-2255
-2308
-2309
-2174
-2293
-2130
-2345
-2149
-2155
-2285
-2330
-2238
-2385
-2143
-2452
-2563
-2130
-2570
-2561
-2350
-2138
-2622
-2179
-2496
-2768
-2513
-2486
-2675
-2404
-2420
-2222
-2633
-2568
-2658
-2778
-2488
-2513
-2268
-2758
-2767
-2411
-2279
-2643
-2600
-2184
-2681
-2344
-2438
-2657
-2626
-2509
-2168
-2760
-2205
-2435
-2702
-2595
-2732
-2173
-2659
-2680
-2740
-2358
-2561
-2591
-2246
-2536
-2647
-2329
-2749
-2237
-2603
-2376
-2281
-2270
-2524
-2366
-2506
-2755
-2292
-2754
-2737
-2674
-2324
-2360
-2445
-2563
-2279
-2681
-2360
-2596
-2549
-2577
-2453
-2836
-2325
-2738
-2739
-2432
-2796
-2810
-2821
-2770
-2634
-2354
-2242
-2685
-2852
-2245
-2780
-2286
-2400
-2481
-2836
-2575
-2376
-2839
-2300
-2450
-2628
-2815
-2476
-2712
-2287
-2428
-2856
-2510
-2352
-2830
-2868
-2331
-2395
-2488
-2693
-2789
-2872
-2624
-2848
-2626
-2824
-2732
-2385
-2871
-2423
-2760
-2584
-2822
-2265
-2287
-2868
-2546
-2806
-2449
-2748
-2614
-2385
-2613
-2421
-2707
-2818
-2686
-2568
-2765
-2307
-2838
-2690
-2858
-2919
-2851
-2559
-2551
-2710
-2489
-2713
-2548
-2852
-2305
-2826
-2672
-2380
-2453
-2400
-2307
-2564
-2755
-2722
-2467
-2531
-2393
-2383
-2417
-2613
-2390
-2663
-2911
-2536
-2509
-2635
-2467
-2562
-2802
-2412
-2728
-2547
-2380
-2563
-2798
-2858
-2517
-2586
-2575
-2534
-2362
-2629
-2813
-2434
-2795
-2372
-2693
-2860
-2574
-2849
-2908
-2411
-2880
-2816
-2575
-2667
-2822
-2615
-2812
-2411
-2552
-2553
-2804
-2383
-2955
-2864
-2599
-2363
-2781
-2973
-2553
-2974
-2388
-2849
-2674
-2580
-2904
-2699
-2743
-2760
-2751
-2778
-2621
-2492
-2848
-2866
-2696
-2590
-2949
-2896
-3003
-2746
-2405
-2729
-3004
-2459
-2920
-2804
-2992
-2730
-2745
-2825
-2749
-2402
-2519
-2389
-2960
-2922
-2987
-2785
-2399
-3009
-2407
-2726
-3014
-2711
-2978
-2638
-2773
-2557
-2850
-2948
-2977
-2834
-2432
-2694
-2998
-2806
-2504
-2811
-2562
-2556
-2929
-2784
-2876
-2939
-2591
-2876
-2936
-2959
-2589
-2783
-2837
-2847
-2700
-2718
-3014
-2571
-2731
-2666
-2461
-2642
-2674
-3073
-2694
-2459
-2681
-2464
-2746
-2901
-2887
-2866
-2735
-3008
-2811
-2884
-2450
-2715
-2528
-2684
-2560
-2853
-2569
-2633
-2699
-3000
-2507
-2734
-2642
-3075
-2496
-2622
-2825
-2795
-2617
-2631
-2893
-2941
-2602
-2954
-3077
-2515
-3046
-2825
-3044
-3026
-2542
-2871
-3019
-2878
-2723
-2924
-2945
-2605
-2687
-2961
-3029
-3128
-2666
-2927
-2520
-2795
-3104
-3068
-2958
-2798
-2971
-2883
-2896
-2511
-2837
-2603
-2697
-3077
-2908
-3065
-2651
-2907
-2948
-2618
-2716
-2610
-2813
-2809
-3037
-2920
-2701
-2925
-2609
-2691
-2768
-2753
-3056
-3062
-2766
-2972
-2550
-2591
-2571
-2727
-2559
-2534
-2631
-2929
-2626
-2951
-2801
-2677
-2685
-3016
-2765
-2834
-3116
-2576
-3095
-2714
-3078
-2833
-3018
-2720
-2707
-2985
-2909
-2908
-2971
-3032
-2980
-2800
-3131
-2831
-3180
-2635
-2883
-2942
-2996
-2798
-2788
-2746
-2886
-3092
-2958
-2641
-2583
-2691
-2880
-3117
-2869
-3009
-2716
-3003
-2771
-2700
-2995
-2989
-2986
-2773
-3058
-3055
-2799
-2998
-2945
-2776
-2739
-3175
-3203
-2858
-2666
-2802
-3238
-3154
-3117
-2651
-2788
-2831
-2803
-3221
-3132
-2939
-3240
-2752
-3140
-3030
-3072
-2987
-2861
-3237
-2965
-2719
-2760
-2733
-3067
-3262
-2863
-2772
-3022
-3180
-2715
-3072
-3211
-3115
-3137
-2844
-3087
-2642
-3069
-3138
-3157
-3079
-3062
-2895
-2765
-2719
-3144
-2947
-2662
-2967
-3057
-2979
-2684
-2796
-3046
-3127
-3295
-2982
-2936
-3219
-2743
-2889
-3122
-3095
-3164
-2936
-3123
-2934
-3104
-2747
-3213
-2715
-3054
-3149
-3140
-2969
-2941
-2742
-3197
-3237
-2768
-3137
-3138
-2997
-3209
-2804
-2989
-3048
-3243
-3159
-3315
-3082
-2965
-2887
-3133
-2739
-2905
-2952
-2921
-3217
-2987
-2902
-3183
-2740
-2977
-3150
-3156
-3107
-2980
-2978
-3345
-2907
-3329
-3305
-3069
-2770
-3068
-2811
-3036
-2871
-3060
-2945
-3106
-3116
-3124
-2750
-2845
-2772
-3180
-2737
-2788
-3293
-2808
-3008
-3372
-2933
-3373
-3016
-3361
-3176
-2871
-3349
-2927
-2789
-3273
-3189
-2842
-3339
-3063
-3133
-3244
-2848
-2856
-3121
-3089
-2961
-2864
-3054
-3388
-3029
-2828
-3103
-3364
-2945
-3353
-3297
-3368
-3332
-3145
-2852
-3061
-3057
-3241
-3008
-2868
-3250
-2818
-3412
-3294
-3389
-3258
-2780
-3414
-3185
-2869
-3027
-3304
-2852
-2809
-3176
-3227
-2861
-3111
-3397
-3430
-3429
-3429
-2864
-3028
-2850
-2853
-3015
-3024
-3247
-3000
-3409
-2954
-2915
-3424
-3202
-3337
-2977
-2912
-3199
-3222
-3093
-2878
-3016
-3320
-3293
-2848
-3198
-3303
-2989
-3327
-3234
-3418
-2866
-3367
-3114
-3220
-3108
-2989
-3302
-3397
-3273
-3316
-2898
-2878
-3353
-3185
-3291
-2874
-3438
-3479
-3171
-3465
-2865
-3222
-3081
-3288
-3403
-3292
-3481
-3088
-3387
-2943
-3152
-3016
-2948
-2895
-3241
-3353
-3254
-3110
-3291
-3078
-3244
-3312
-3046
-3253
-3047
-3100
-3222
-3228
-2934
-3432
-3468
-2924
-3022
-3013
-3197
-3214
-3064
-2977
-2999
-3238
-3237
-3470
-3333
-3056
-3129
-3432
-3210
-3348
-3089
-2919
-3120
-3187
-3230
-3332
-3389
-2944
-3421
-3081
-3050
-3310
-3140
-3310
-3301
-3420
-3165
-3176
-3238
-3309
-3308
-3249
-3465
-3460
-3144
-3351
-3068
-3466
-3034
-3394
-3297
-3512
-3464
-3477
-2939
-2946
-3287
-3386
-3083
-3215
-3010
-3393
-3184
-3507
-3405
-3054
-3367
-3482
-3517
-3405
-3279
-3578
-3357
-3402
-3301
-2982
-3388
-3493
-3001
-2995
-3033
-3237
-3474
-3558
-3307
-3311
-2987
-3479
-3479
-3386
-3585
-3576
-3092
-3598
-3276
-3304
-3550
-3386
-3406
-3156
-3189
-3584
-3609
-3292
-3081
-3562
-3140
-3086
-3260
-3146
-3597
-3440
-3327
-3293
-3056
-3058
-3525
-3369
-3108
-3011
-3439
-3027
-3269
-3428
-3193
-3196
-3231
-3205
-3069
-3288
-3137
-3382
-3101
-3366
-3397
-3518
-3020
-3652
-3461
-3323
-3114
-3113
-3458
-3648
-3109
-3426
-3277
-3219
-3452
-3413
-3071
-3533
-3198
-3463
-3641
-3546
-3595
-3551
-3622
-3415
-3097
-3649
-3125
-3411
-3638
-3174
-3474
-3184
-3187
-3665
-3394
-3542
-3496
-3662
-3160
-3469
-3449
-3303
-3493
-3063
-3697
-3146
-3573
-3280
-3136
-3351
-3449
-3397
-3416
-3593
-3159
-3123
-3609
-3414
-3618
-3465
-3177
-3298
-3706
-3507
-3342
-3102
-3686
-3634
-3504
-3181
-3572
-3467
-3267
-3230
-3271
-3239
-3410
-3129
-3269
-3409
-3421
-3572
-3471
-3433
-3468
-3242
-3419
-3201
-3236
-3580
-3671
-3376
-3666
-3675
-3280
-3699
-3337
-3363
-3215
-3734
-3140
-3329
-3425
-3160
-3733
-3239
-3420
-3639
-3597
-3632
-3616
-3208
-3612
-3617
-3355
-3254
-3737
-3607
-3431
-3661
-3524
-3435
-3591
-3477
-3553
-3584
-3264
-3264
-3432
-3573
-3652
-3489
-3342
-3699
-3154
-3557
-3563
-3673
-3356
-3475
-3348
-3526
-3197
-3696
-3733
-3693
-3201
-3175
-3498
-3577
-3759
-3252
-3674
-3599
-3678
-3762
-3378
-3732
-3747
-3327
-3772
-3389
-3370
-3548
-3555
-3312
-3554
-3624
-3801
-3242
-3550
-3554
-3802
-3761
-3482
-3203
-3545
-3601
-3262
-3441
-3556
-3199
-3567
-3274
-3449
-3295
-3314
-3675
-3816
-3392
-3468
-3291
-3327
-3255
-3739
-3235
-3734
-3246
-3563
-3451
-3346
-3529
-3808
-3572
-3293
-3543
-3499
-3628
-3597
-3240
-3237
-3633
-3398
-3568
-3518
-3806
-3333
-3835
-3742
-3758
-3683
-3641
-3700
-3387
-3546
-3477
-3558
-3265
-3713
-3604
-3521
-3742
-3551
-3373
-3438
-3280
-3495
-3842
-3683
-3259
-3646
-3693
-3532
-3846
-3610
-3571
-3281
-3805
-3597
-3748
-3472
-3394
-3548
-3896
-3716
-3477
-3368
-3859
-3552
-3624
-3913
-3336
-3698
-3824
-3828
-3779
-3760
-3845
-3894
-3523
-3459
-3768
-3894
-3869
-3650
-3813
-3337
-3814
-3766
-3551
-3513
-3516
-3663
-3915
-3666
-3817
-3500
-3893
-3668
-3414
-3689
-3549
-3393
-3758
-3849
-3623
-3450
-3633
-3465
-3425
-3833
-3556
-3549
-3481
-3613
-3698
-3935
-3933
-3568
-3934
-3717
-3608
-3589
-3861
-3544
-3816
-3714
-3656
-3793
-3688
-3422
-3757
-3703
-3716
-3596
-3632
-3905
-3627
-3415
-3915
-3643
-3953
-3776
-3670
-3424
-3785
-3518
-3460
-3844
-3538
-3724
-3982
-3717
-3768
-3757
-3559
-3517
-3775
-3771
-3461
-3985
-3476
-3488
-3507
-3660
-3920
-3797
-3412
-3524
-3492
-3530
-3542
-3680
-3736
-3653
-3661
-3633
-3379
-3988
-3799
-3902
-3837
-3752
-3521
-3419
-3743
-3903
-3931
-3887
-3459
-3926
-3707
-3798
-3899
-3724
-3641
-4019
-3506
-3526
-3846
-3792
-3731
-3543
-3610
-3483
-3708
-3635
-3432
-3876
-3679
-3682
-3777
-3715
-3433
-3801
-3652
-3890
-3687
-3470
-3934
-3716
-3573
-3794
-3761
-4027
-3889
-3437
-3639
-3715
-3435
-3979
-3718
-4016
-3827
-3760
-3886
-3948
-4039
-3642
-4078
-3449
-4075
-3734
-4074
-4035
-3735
-3538
-3615
-4076
-3911
-3524
-3548
-3826
-3906
-3877
-3790
-3733
-3568
-3519
-3508
-4057
-3523
-3876
-3464
-3909
-3966
-3581
-3826
-3897
-3514
-3578
-3834
-4096
-3499
-3796
-3520
-3588
-3717
-4113
-3722
-3816
-3600
-3732
-3715
-3792
-3837
-3870
-3779
-3639
-3943
-3727
-4017
-3853
-3958
-3965
-3959
-3614
-3602
-3741
-4076
-3778
-4069
-3680
-3933
-4001
-3979
-3646
-3852
-3509
-3825
-3716
-4143
-3512
-3833
-4136
-3559
-4157
-4062
-3748
-3819
-4010
-3717
-3545
-3951
-3534
-3944
-3703
-3785
-3777
-4116
-3796
-3608
-3714
-3642
-4114
-3762
-3667
-3716
-3588
-3916
-3717
-3905
-3674
-4015
-3728
-3571
-4158
-3706
-4178
-3764
-3585
-4156
-3846
-3768
-3888
-3793
-4086
-3717
-3979
-4085
-3724
-4027
-4139
-4205
-3819
-3832
-4003
-4078
-3787
-4084
-3673
-3933
-4187
-3903
-3948
-3980
-4086
-3720
-3630
-4185
-3698
-3792
-4044
-3669
-3782
-3964
-3963
-4015
-3745
-4047
-3724
-4174
-3981
-3695
-4024
-3958
-4218
-4022
-3885
-3987
-3785
-4065
-3697
-3900
-3959
-4061
-3990
-3767
-3761
-4135
-3694
-4254
-3689
-3992
-3637
-3815
-3678
-4043
-4070
-3785
-3827
-3892
-4204
-3783
-3957
-3930
-3800
-3661
-4024
-4076
-3896
-4014
-4132
-3897
-3838
-3946
-3658
-4183
-4082
-4063
-4244
-3642
-4024
-4035
-4150
-4158
-4169
-4139
-4089
-3698
-4214
-4167
-4047
-4231
-3810
-3757
-3800
-4157
-4083
-4173
-3924
-4084
-4151
-3802
-4277
-3750
-4080
-4104
-4045
-3685
-3937
-4005
-3816
-3695
-4292
-3810
-4186
-3745
-4092
-3993
-4071
-4022
-3984
-3835
-3803
-3707
-3910
-3740
-3989
-4249
-4323
-3934
-4127
-4057
-3990
-3759
-3809
-3908
-3807
-4085
-4144
-3756
-4092
-3846
-3810
-3988
-4051
-4343
-4112
-3837
-4159
-3929
-4195
-4291
-4043
-4113
-3851
-4350
-4052
-4360
-4117
-4216
-3826
-3727
-3943
-3728
-4177
-4202
-4314
-4034
-3936
-4354
-4061
-3915
-4115
-3742
-4355
-4067
-4008
-4095
-3785
-4284
-3754
-4129
-3785
-4058
-3867
-4346
-4090
-4376
-4184
-4225
-3955
-3932
-3956
-3982
-3790
-3855
-3940
-4003
-4373
-4214
-4242
-4249
-4119
-3901
-4176
-4303
-4171
-4248
-3902
-4187
-4405
-3848
-4009
-4334
-4371
-4141
-3897
-4361
-3789
-3818
-4264
-4157
-3807
-4071
-3841
-4144
-3861
-3951
-4252
-4268
-4434
-3967
-3944
-4237
-3844
-4093
-4013
-4018
-3942
-4390
-4378
-4010
-4320
-4341
-3827
-3865
-3926
-4081
-4013
-3919
-4095
-4401
-3916
-4065
-4175
-4256
-4193
-4401
-3822
-3861
-4047
-4424
-4053
-4012
-3844
-4179
-4103
-4301
-4457
-4377
-4154
-4269
-4342
-4000
-3976
-4214
-4259
-4145
-4333
-4260
-4478
-3900
-4246
-4196
-4354
-4294
-3903
-3914
-4372
-4256
-4269
-4324
-4490
-4452
-4211
-3969
-4205
-4255
-4005
-4114
-4323
-4152
-4344
-4088
-4266
-4071
-4122
-4489
-4376
-4509
-4496
-3873
-4507
-4389
-4388
-4121
-4278
-3942
-4204
-4511
-4445
-4276
-4324
-4217
-4127
-4031
-4152
-4193
-3931
-4089
-4326
-3981
-4409
-4323
-4304
-4199
-4255
-4387
-3977
-3965
-4203
-4111
-4137
-4248
-3917
-4187
-4248
-3937
-4142
-4013
-4072
-4117
-4142
-3993
-4221
-4451
-4044
-4175
-4145
-4549
-4189
-3941
-4135
-4126
-4230
-4254
-4187
-4223
-4230
-4467
-4100
-4389
-4486
-4086
-4221
-4040
-4287
-4163
-4277
-4401
-4090
-4305
-4105
-4546
-4562
-3962
-4289
-3991
-4075
-4095
-4076
-4206
-3956
-4037
-4086
-4376
-4216
-4255
-4310
-4328
-4001
-4555
-4531
-4565
-4449
-4506
-4392
-4390
-4266
-4042
-4198
-4489
-4251
-4487
-4595
-4325
-4278
-4092
-4608
-4255
-4289
-4537
-4201
-4565
-4157
-4282
-4547
-4391
-4392
-4357
-4025
-4111
-4397
-4596
-4263
-4561
-4632
-4230
-4181
-4251
-4588
-4330
-4381
-4336
-4442
-4092
-4118
-4134
-4259
-4165
-4406
-4541
-4083
-4244
-4116
-4348
-4292
-4458
-4094
-4092
-4402
-4500
-4093
-4615
-4108
-4661
-4513
-4199
-4457
-4277
-4591
-4464
-4357
-4495
-4061
-4117
-4466
-4442
-4117
-4319
-4679
-4342
-4517
-4267
-4477
-4207
-4052
-4255
-4416
-4344
-4207
-4500
-4611
-4176
-4352
-4057
-4068
-4675
-4360
-4464
-4147
-4428
-4178
-4145
-4317
-4379
-4256
-4555
-4336
-4556
-4473
-4165
-4682
-4210
-4290
-4111
-4250
-4638
-4626
-4317
-4504
-4537
-4339
-4563
-4698
-4636
-4275
-4136
-4224
-4373
-4299
-4670
-4573
-4544
-4411
-4173
-4382
-4117
-4740
-4705
-4527
-4741
-4718
-4348
-4603
-4272
-4735
-4251
-4682
-4473
-4655
-4237
-4403
-4462
-4292
-4719
-4324
-4666
-4548
-4344
-4216
-4498
-4755
-4720
-4244
-4589
-4732
-4502
-4410
-4584
-4574
-4298
-4502
-4644
-4598
-4274
-4140
-4239
-4598
-4525
-4493
-4256
-4672
-4171
-4374
-4606
-4287
-4201
-4580
-4219
-4386
-4620
-4790
-4568
-4698
-4648
-4465
-4493
-4764
-4634
-4280
-4170
-4645
-4698
-4261
-4315
-4309
-4784
-4247
-4724
-4243
-4759
-4324
-4312
-4262
-4587
-4603
-4802
-4256
-4676
-4516
-4502
-4559
-4228
-4721
-4461
-4366
-4628
-4564
-4656
-4276
-4336
-4263
-4692
-4434
-4635
-4414
-4643
-4263
-4440
-4430
-4480
-4331
-4329
-4519
-4353
-4339
-4520
-4555
-4279
-4854
-4373
-4645
-4455
-4558
-4278
-4274
-4730
-4701
-4361
-4469
-4692
-4808
-4777
-4776
-4453
-4299
-4479
-4618
-4779
-4823
-4510
-4410
-4325
-4371
-4782
-4445
-4387
-4562
-4835
-4577
-4731
-4275
-4469
-4454
-4424
-4641
-4740
-4890
-4746
-4713
-4441
-4357
-4471
-4342
-4415
-4485
-4449
-4489
-4706
-4437
-4407
-4840
-4557
-4893
-4651
-4448
-4587
-4490
-4511
-4547
-4401
-4383
-4489
-4764
-4504
-4828
-4745
-4389
-4347
-4758
-4753
-4764
-4826
-4852
-4743
-4479
-4503
-4434
-4863
-4818
-4828
-4297
-4675
-4931
-4780
-4594
-4698
-4359
-4375
-4692
-4846
-4671
-4754
-4847
-4540
-4644
-4773
-4722
-4465
-4711
-4371
-4720
-4716
-4316
-4613
-4629
-4521
-4375
-4348
-4328
-4633
-4908
-4712
-4520
-4450
-4712
-4862
-4595
-4597
-4662
-4651
-4877
-4876
-4672
-4368
-4583
-4815
-4490
-4526
-4478
-4840
-4807
-4562
-4837
-4503
-4632
-4447
-4457
-4560
-4428
-4742
-4384
-4807
-4418
-4722
-4466
-4846
-4790
-4855
-4362
-4627
-4717
-4788
-4557
-4499
-4708
-4906
-4409
-4460
-4881
-4494
-4487
-4825
-4869
-4650
-4989
-4558
-4676
-4590
-4495
-4778
-4609
-4647
-4892
-4982
-4710
-4527
-4558
-4679
-4942
-4586
-4799
-4905
-4526
-4933
-4702
-4841
-4830
-4593
-4663
-4964
-4933
-5036
-4887
-4949
-4442
-4550
-4849
-4662
-4899
-4695
-4916
-4534
-4512
-4565
-4459
-4724
-4468
-4716
-4817
-4804
-5020
-5034
-4962
-4644
-4614
-4628
-4940
-4523
-4886
-4697
-4884
-4690
-4635
-5019
-4516
-4728
-4524
-4748
-4720
-4686
-4513
-4942
-5046
-4459
-4887
-4918
-4967
-4754
-4955
-4943
-4837
-4933
-4950
-4783
-4528
-4515
-4809
-4479
-5072
-5069
-4748
-4610
-4733
-4594
-4620
-4821
-4714
-4757
-5088
-4498
-5001
-5014
-5029
-4836
-4551
-5019
-4581
-4867
-4619
-4868
-4650
-5008
-4992
-4922
-4788
-4730
-5122
-5108
-4519
-4749
-4992
-5134
-4978
-4642
-4829
-4987
-4963
-4772
-4727
-4820
-4842
-4789
-4817
-4999
-4665
-5061
-4550
-4583
-4917
-4919
-5086
-4906
-5096
-4521
-4575
-4732
-4791
-4779
-5160
-4804
-4881
-4663
-4672
-4844
-5027
-4933
-4729
-5046
-4836
-4709
-5086
-4578
-4840
-4706
-4553
-4827
-4929
-5158
-4883
-5184
-4907
-5159
-4990
-4877
-4580
-5122
-4556
-5159
-4729
-5030
-4657
-4957
-4674
-5133
-4613
-5131
-4674
-5107
-5192
-5128
-5132
-5098
-4741
-4966
-4818
-5186
-4915
-4917
-5076
-4711
-4728
-4929
-4765
-4610
-4942
-4710
-4931
-5199
-5079
-5022
-4610
-5216
-4960
-5106
-4875
-4861
-5098
-4594
-5012
-4941
-4796
-4894
-5054
-5226
-5070
-4752
-4790
-5059
-4821
-5226
-4689
-4972
-4921
-4768
-5077
-4872
-4618
-5201
-5002
-4949
-5204
-5065
-4990
-4913
-5219
-4780
-5081
-4790
-5167
-5020
-5149
-5183
-5177
-5196
-4676
-4664
-4989
-4888
-5141
-5164
-5061
-5157
-4846
-4772
-4921
-4714
-4805
-4914
-4906
-5272
-5000
-5075
-4986
-5063
-5233
-4872
-5094
-4722
-4670
-5286
-4856
-5066
-5251
-4695
-4726
-4993
-4867
-4816
-4956
-4844
-5041
-5305
-5235
-4911
-5284
-4911
-5229
-5162
-5101
-4760
-4785
-5108
-4755
-5183
-5035
-5023
-5131
-5004
-5169
-5111
-4802
-5240
-4691
-5166
-5118
-5292
-5071
-4993
-5252
-4784
-4704
-4756
-4894
-5157
-4981
-4801
-5206
-5241
-5219
-4859
-5332
-5099
-5102
-5218
-4762
-4756
-5263
-4904
-4786
-5303
-5037
-5049
-4775
-4736
-5127
-5115
-4832
-4831
-5019
-5043
-4852
-5184
-5046
-5131
-4728
-4976
-4838
-4775
-4772
-5112
-5180
-5148
-4885
-5250
-5108
-5097
-4795
-5356
-5366
-5339
-4933
-4950
-5325
-5098
-4799
-4946
-5035
-5349
-5307
-4866
-4926
-5228
-5291
-5321
-5117
-5112
-5221
-5297
-4860
-4902
-5217
-4950
-5045
-4965
-4951
-4771
-5031
-5178
-5342
-5114
-5237
-5238
-4905
-5245
-4893
-5130
-5220
-5123
-5161
-5367
-5034
-5332
-5261
-5036
-5064
-5166
-4868
-5049
-5245
-5322
-5294
-4917
-5393
-5051
-5237
-4921
-5388
-5406
-5330
-5072
-5336
-4839
-5448
-4825
-4897
-5360
-5044
-5411
-5448
-5068
-5423
-5235
-5294
-5043
-5016
-5337
-5395
-4864
-4990
-5434
-5203
-5446
-5261
-5455
-4876
-4959
-5128
-4975
-5277
-4885
-5024
-5175
-4924
-4892
-4845
-5270
-5207
-5160
-5269
-5473
-5423
-5442
-5419
-5372
-5025
-5402
-5320
-4942
-5002
-5171
-4899
-5046
-5260
-5261
-5229
-5228
-5462
-5322
-5210
-5238
-5402
-5371
-5274
-5505
-5144
-5073
-5319
-5282
-5082
-5103
-5379
-4886
-4933
-5385
-5510
-5510
-5108
-5231
-5199
-5189
-5216
-5084
-5421
-5075
-5478
-5480
-5475
-5094
-5291
-5472
-5301
-4963
-5447
-5272
-5042
-5051
-5077
-5013
-5104
-4912
-5165
-5236
-5113
-5443
-5295
-5058
-5477
-5227
-5032
-5049
-5492
-5103
-5434
-5556
-5200
-5404
-4996
-5161
-5277
-5216
-5290
-5423
-5269
-5511
-4983
-5186
-5031
-5398
-5412
-4953
-5200
-5358
-5568
-5344
-5351
-5119
-5405
-5411
-5313
-5572
-5350
-5491
-4979
-5499
-5362
-5527
-5530
-5431
-5334
-5486
-5297
-5084
-4957
-5190
-5092
-5014
-5180
-5074
-5466
-5142
-5431
-5135
-5172
-5430
-5228
-5546
-5088
-4974
-5399
-5343
-5603
-5247
-5044
-5506
-4984
-5265
-5571
-5617
-5516
-5600
-4991
-5398
-5347
-5555
-4997
-5345
-5208
-5254
-5581
-5423
-5357
-5374
-5520
-5453
-5052
-5117
-5058
-5222
-5465
-5144
-5588
-5108
-5284
-5359
-5576
-5400
-5593
-5492
-5043
-5467
-5625
-5406
-5352
-5300
-5397
-5362
-5415
-5428
-5124
-5604
-5620
-5583
-5146
-5075
-5127
-5575
-5370
-5246
-5574
-5080
-5383
-5432
-5139
-5371
-5539
-5149
-5245
-5545
-5184
-5585
-5186
-5431
-5636
-5659
-5565
-5071
-5375
-5638
-5067
-5582
-5111
-5079
-5307
-5192
-5584
-5680
-5639
-5535
-5134
-5464
-5087
-5370
-5421
-5240
-5677
-5347
-5072
-5109
-5697
-5500
-5532
-5694
-5320
-5394
-5597
-5591
-5469
-5545
-5635
-5290
-5679
-5485
-5087
-5172
-5121
-5659
-5488
-5642
-5167
-5349
-5431
-5675
-5435
-5594
-5558
-5375
-5246
-5297
-5273
-5382
-5222
-5726
-5276
-5362
-5599
-5494
-5532
-5308
-5553
-5460
-5352
-5301
-5128
-5240
-5659
-5565
-5187
-5342
-5671
-5746
-5265
-5467
-5670
-5435
-5542
-5457
-5403
-5529
-5596
-5496
-5516
-5720
-5379
-5540
-5142
-5620
-5274
-5584
-5410
-5189
-5709
-5263
-5650
-5287
-5371
-5367
-5314
-5724
-5299
-5669
-5316
-5794
-5521
-5462
-5351
-5744
-5246
-5444
-5536
-5579
-5725
-5703
-5745
-5444
-5295
-5667
-5770
-5614
-5792
-5565
-5777
-5367
-5460
-5677
-5241
-5485
-5504
-5224
-5357
-5809
-5646
-5806
-5334
-5321
-5574
-5779
-5587
-5698
-5777
-5404
-5195
-5408
-5749
-5536
-5373
-5310
-5784
-5699
-5585
-5448
-5615
-5558
-5242
-5593
-5566
-5237
-5582
-5667
-5560
-5699
-5809
-5628
-5484
-5860
-5859
-5318
-5834
-5499
-5706
-5440
-5827
-5738
-5456
-5577
-5489
-5810
-5592
-5679
-5819
-5361
-5739
-5588
-5413
-5783
-5680
-5292
-5422
-5258
-5795
-5532
-5857
-5563
-5524
-5333
-5571
-5555
-5822
-5351
-5590
-5746
-5470
-5377
-5665
-5541
-5332
-5302
-5300
-5738
-5326
-5263
-5701
-5563
-5370
-5782
-5390
-5333
-5455
-5363
-5890
-5741
-5822
-5596
-5579
-5497
-5551
-5875
-5624
-5584
-5443
-5493
-5599
-5786
-5435
-5603
-5602
-5300
-5481
-5520
-5517
-5578
-5802
-5548
-5473
-5434
-5819
-5301
-5447
-5722
-5675
-5449
-5588
-5345
-5474
-5698
-5823
-5759
-5818
-5432
-5391
-5408
-5910
-5780
-5483
-5393
-5405
-5766
-5739
-5370
-5759
-5731
-5557
-5870
-5819
-5355
-5908
-5809
-5575
-5691
-5617
-5922
-5884
-5823
-5963
-5522
-5863
-5480
-5685
-5417
-5944
-5525
-5464
-5511
-5744
-5713
-5682
-5588
-5746
-5496
-5777
-5540
-5724
-5661
-5642
-5512
-5584
-5807
-5508
-5588
-5391
-5561
-5398
-5505
-5689
-5805
-5743
-5667
-5748
-5792
-5757
-5937
-5637
-5877
-5742
-5760
-5935
-5539
-5469
-5780
-5494
-5578
-5445
-5945
-5687
-5544
-5453
-5761
-5621
-5524
-5952
-5857
-5662
-5768
-5540
-5674
-5837
-5820
-5574
-5622
-6037
-5653
-6036
-5788
-5636
-5627
-5666
-5613
-5533
-5540
-5679
-5526
-5797
-5535
-5625
-5463
-5438
-5790
-5977
-5964
-5650
-5468
-5870
-5997
-5892
-5993
-5731
-5562
-5556
-6000
-5961
-5920
-5598
-5928
-5817
-5460
-5495
-5789
-5577
-5558
-5868
-5781
-5646
-5541
-5905
-5872
-5823
-5524
-5746
-5936
-5715
-6000
-5557
-5813
-5541
-6034
-5759
-5890
-6081
-5997
-5881
-5923
-6086
-5978
-5529
-5734
-5701
-5831
-6096
-5792
-5905
-5838
-5961
-5529
-5512
-5938
-5676
-5924
-5736
-5590
-5905
-5925
-5885
-5951
-5687
-5695
-6027
-5831
-6014
-6074
-6067
-5971
-6089
-5574
-5563
-6121
-5498
-5903
-6122
-6136
-6114
-5567
-5641
-5737
-6092
-6066
-5851
-5816
-6129
-5980
-6146
-5841
-6061
-5792
-5552
-5633
-5869
-6153
-5618
-5688
-5759
-5562
-5786
-6055
-5973
-6136
-5835
-5854
-6141
-6143
-5571
-5930
-6053
-5714
-5790
-5743
-5604
-6142
-6065
-6107
-5874
-5701
-5672
-6050
-6029
-5629
-5571
-5549
-6133
-5846
-5937
-5737
-6154
-6156
-5669
-6156
-5798
-5638
-6124
-5924
-5644
-6147
-5672
-5861
-6194
-5844
-5813
-5827
-6170
-6118
-5725
-5813
-5874
-5955
-5632
-6100
-5796
-5710
-6119
-5602
-5989
-6039
-6193
-5804
-5603
-5607
-6068
-5722
-5920
-5734
-5882
-5620
-5976
-6070
-5808
-6148
-5793
-6056
-5809
-6221
-5881
-5611
-6038
-5876
-5752
-5784
-5838
-5864
-6230
-5914
-6041
-5703
-6021
-6103
-5908
-5861
-5814
-6057
-5888
-6169
-6227
-6264
-5748
-6018
-5791
-5964
-5959
-5931
-5733
-5699
-6245
-6209
-6180
-5936
-6179
-5861
-6105
-6074
-5671
-6193
-6087
-6169
-6056
-6261
-5860
-6072
-5729
-6149
-6098
-5721
-6187
-6078
-5955
-6052
-6165
-5751
-6276
-5747
-5694
-5942
-5921
-5963
-5878
-5833
-6276
-5964
-5946
-5848
-5837
-5779
-6080
-5956
-5864
-6247
-6032
-5798
-6300
-6211
-5965
-5981
-6173
-6248
-6180
-6129
-6025
-6142
-6070
-5882
-6161
-6171
-6136
-6243
-6114
-6249
-6198
-5776
-6257
-5699
-5910
-5889
-5793
-5777
-5972
-6114
-5895
-6069
-5883
-6235
-6322
-6106
-5881
-5810
-6285
-6006
-5725
-6080
-5721
-6328
-6184
-5803
-5836
-6271
-6033
-6294
-6020
-5974
-5897
-5868
-5736
-6110
-6020
-6166
-5942
-6292
-5989
-6002
-5862
-5946
-6148
-6307
-5955
-5764
-5908
-6067
-6356
-6080
-6149
-6070
-5861
-6360
-6223
-6358
-6314
-6021
-5927
-6154
-6233
-5781
-5795
-5809
-6207
-6405
-5959
-5827
-6402
-6033
-6254
-6200
-5802
-6242
-5967
-6340
-5843
-6242
-6218
-5942
-5830
-6376
-6064
-5794
-6101
-6400
-6071
-6169
-5822
-6008
-5961
-6006
-6206
-5883
-6342
-5910
-6237
-6346
-5826
-6123
-6108
-5945
-5986
-6066
-6133
-5945
-6244
-6340
-5816
-6325
-6148
-6296
-5831
-6006
-6181
-6187
-6195
-5963
-5909
-5980
-5894
-6132
-6392
-6161
-5830
-6237
-6459
-6060
-5889
-6429
-5828
-6337
-6006
-6077
-6282
-5856
-6196
-6094
-6292
-6441
-5955
-6361
-6033
-6344
-6206
-6247
-5899
-6274
-6172
-5861
-6298
-5924
-6125
-6017
-6345
-5890
-6277
-6081
-5865
-5904
-6020
-6361
-5920
-5954
-6244
-6201
-5902
-6314
-6345
-6230
-5922
-6043
-6010
-6326
-5998
-6156
-6417
-6096
-6150
-5979
-6431
-6051
-6326
-6506
-6325
-6477
-6504
-6160
-6214
-6340
-5892
-6400
-6106
-5960
-6270
-6265
-6145
-6033
-6380
-6380
-6132
-5949
-6231
-6482
-6028
-6522
-6359
-5907
-5939
-6279
-6521
-6166
-5918
-6500
-6291
-6421
-6469
-6024
-6108
-6349
-6312
-6221
-6416
-6084
-5975
-6169
-6208
-5926
-5964
-6189
-6074
-6322
-6469
-6531
-6369
-5999
-6560
-6187
-6060
-6287
-6141
-6236
-6295
-6486
-5977
-6286
-6168
-6126
-6306
-6214
-6415
-6250
-6296
-6076
-6301
-6368
-6445
-6570
-6174
-6080
-6038
-6451
-6460
-6256
-6525
-6280
-6544
-6066
-6413
-6036
-6011
-6579
-6465
-6285
-6367
-6439
-6273
-6427
-6521
-6583
-6158
-6546
-6338
-6128
-5982
-6217
-6178
-6114
-6497
-6208
-6114
-6462
-6457
-6213
-6222
-6611
-6162
-6048
-6432
-6031
-6278
-6220
-6431
-6001
-6629
-6275
-6067
-6195
-6348
-6044
-6111
-6232
-6634
-6449
-6419
-6629
-6524
-6615
-6060
-6115
-6600
-6199
-6565
-6512
-6663
-6641
-6309
-6613
-6348
-6283
-6607
-6644
-6417
-6610
-6112
-6164
-6235
-6240
-6206
-6326
-6335
-6585
-6356
-6174
-6366
-6171
-6598
-6203
-6147
-6612
-6625
-6615
-6145
-6488
-6295
-6081
-6665
-6353
-6691
-6314
-6203
-6282
-6321
-6648
-6691
-6652
-6183
-6515
-6314
-6327
-6254
-6489
-6428
-6546
-6383
-6551
-6369
-6664
-6625
-6707
-6337
-6351
-6645
-6434
-6437
-6585
-6606
-6542
-6317
-6296
-6209
-6161
-6339
-6601
-6385
-6276
-6188
-6274
-6502
-6718
-6721
-6568
-6522
-6117
-6317
-6290
-6214
-6243
-6238
-6272
-6656
-6159
-6575
-6734
-6173
-6158
-6606
-6731
-6569
-6306
-6238
-6272
-6261
-6443
-6640
-6461
-6155
-6704
-6387
-6563
-6646
-6192
-6536
-6678
-6451
-6222
-6246
-6588
-6741
-6774
-6175
-6468
-6244
-6479
-6764
-6387
-6480
-6732
-6233
-6769
-6337
-6771
-6416
-6255
-6294
-6418
-6602
-6515
-6397
-6551
-6764
-6307
-6704
-6749
-6478
-6696
-6519
-6646
-6539
-6447
-6438
-6757
-6387
-6276
-6449
-6362
-6304
-6476
-6388
-6567
-6197
-6700
-6542
-6510
-6321
-6236
-6389
-6264
-6719
-6434
-6467
-6369
-6246
-6787
-6587
-6321
-6728
-6758
-6656
-6426
-6218
-6340
-6508
-6459
-6476
-6236
-6398
-6487
-6652
-6402
-6828
-6575
-6791
-6463
-6671
-6535
-6531
-6329
-6300
-6238
-6827
-6444
-6651
-6583
-6603
-6603
-6354
-6607
-6444
-6708
-6353
-6238
-6374
-6384
-6773
-6636
-6504
-6495
-6238
-6403
-6467
-6326
-6439
-6881
-6725
-6555
-6702
-6542
-6305
-6444
-6593
-6640
-6626
-6519
-6331
-6764
-6390
-6634
-6489
-6356
-6759
-6314
-6351
-6857
-6562
-6367
-6596
-6774
-6439
-6414
-6871
-6313
-6326
-6700
-6436
-6759
-6746
-6705
-6442
-6668
-6402
-6774
-6294
-6509
-6338
-6844
-6603
-6480
-6597
-6456
-6866
-6904
-6846
-6684
-6416
-6731
-6801
-6426
-6724
-6733
-6607
-6623
-6360
-6747
-6859
-6805
-6531
-6337
-6510
-6385
-6577
-6757
-6634
-6626
-6409
-6795
-6883
-6737
-6787
-6879
-6819
-6926
-6743
-6804
-6349
-6388
-6531
-6870
-6370
-6903
-6489
-6511
-6963
-6967
-6677
-6457
-6498
-6940
-6821
-6407
-6914
-6452
-6811
-6469
-6348
-6566
-6444
-6379
-6627
-6465
-6808
-6916
-6649
-6634
-6684
-6921
-6435
-6846
-6724
-6620
-6971
-6877
-6535
-6823
-6934
-6964
-6429
-6663
-6599
-6378
-6993
-6810
-7007
-6722
-7002
-6920
-6858
-6464
-6777
-6800
-6815
-6878
-6848
-6455
-6541
-6813
-6932
-6488
-6591
-6642
-6793
-6535
-7016
-6817
-6557
-6481
-6399
-6914
-6591
-6598
-6417
-6609
-6850
-6539
-6852
-6664
-6529
-6659
-7007
-6683
-6758
-6880
-6684
-6960
-6802
-6812
-6638
-6756
-6661
-6543
-6774
-6430
-6622
-6525
-6736
-7020
-6813
-6631
-6613
-6699
-6991
-6592
-6733
-6815
-6476
-6918
-6757
-6447
-6446
-7000
-7058
-6848
-6525
-6911
-7038
-6447
-6984
-6730
-6607
-7017
-6762
-6827
-6854
-6983
-6823
-6770
-6581
-6767
-6592
-7045
-6530
-6566
-6799
-7046
-7067
-6579
-7054
-7030
-6675
-6965
-6523
-6782
-6762
-7042
-6562
-7049
-6522
-7039
-6734
-6966
-6721
-7043
-6784
-6555
-6814
-6617
-6641
-6831
-6710
-6850
-6542
-6706
-6677
-6963
-7013
-6904
-6807
-6980
-6988
-6627
-6666
-6527
-6970
-6532
-7017
-7036
-6913
-7013
-7096
-6523
-7055
-6623
-7150
-6518
-7000
-6678
-6739
-6959
-6769
-6702
-6720
-6984
-6856
-6660
-6603
-6819
-7063
-6805
-6960
-6603
-7055
-6961
-6765
-6771
-7013
-6853
-6644
-7106
-6789
-6768
-6626
-6962
-6768
-7126
-6992
-6980
-6761
-7011
-6583
-6919
-6614
-7094
-7084
-7038
-7063
-7000
-7172
-6597
-6849
-7037
-6702
-6590
-6805
-7190
-6735
-6765
-7109
-7164
-6841
-6624
-6828
-7016
-6962
-6722
-7107
-7166
-7126
-6774
-6675
-6881
-7111
-6601
-7187
-6836
-6715
-6973
-6596
-7018
-6737
-7085
-7132
-6947
-7195
-6698
-6848
-7021
-7223
-7068
-6976
-6715
-6914
-7070
-6654
-7208
-7065
-7232
-6880
-6803
-6952
-6637
-6965
-6849
-6904
-6783
-6765
-6669
-7187
-6713
-7131
-6899
-7241
-7193
-6939
-6735
-6689
-6873
-6978
-7123
-6721
-6637
-7009
-7169
-7013
-6994
-6773
-7046
-7193
-6643
-6998
-6872
-6729
-7166
-7238
-7044
-6773
-7198
-6710
-7198
-6794
-7153
-6742
-6862
-6693
-6997
-7226
-6834
-6985
-6700
-7172
-6699
-6950
-6697
-6747
-6902
-6956
-6984
-7073
-7131
-7142
-7187
-7260
-6776
-6998
-6817
-6784
-7168
-6871
-6865
-7234
-6799
-6775
-7011
-7289
-6809
-6732
-7281
-6839
-6979
-6734
-7041
-6759
-7208
-6722
-7117
-7264
-7311
-7170
-6980
-6924
-7162
-6780
-6778
-7074
-7158
-7251
-6927
-7310
-6832
-6851
-6747
-7085
-6943
-7281
-6836
-6749
-6777
-7246
-6784
-7119
-7339
-6924
-7212
-7077
-7340
-7347
-7252
-7042
-6805
-6737
-7018
-7354
-7013
-7338
-7316
-6754
-6948
-6891
-7276
-6957
-7250
-7359
-7220
-6995
-7029
-7384
-6892
-6950
-6877
-7154
-6959
-6876
-7190
-7057
-7011
-7121
-6955
-6824
-7106
-6805
-7219
-7072
-7143
-6884
-7270
-7202
-7047
-7035
-6981
-7331
-6779
-7245
-7340
-6802
-7187
-7346
-7013
-7034
-6847
-7364
-7386
-6825
-6792
-7009
-7360
-7328
-6906
-7070
-7376
-7406
-6930
-6918
-6920
-6835
-7241
-7119
-6879
-7097
-7183
-7051
-7360
-7168
-6874
-7277
-7269
-6834
-7366
-7301
-7254
-7007
-7416
-7282
-7346
-7319
-7011
-7281
-7285
-6912
-7088
-7238
-7391
-6917
-7303
-6836
-7198
-7362
-7087
-7371
-7263
-7373
-7057
-7108
-7395
-6867
-7319
-7470
-7348
-6951
-7286
-7334
-7379
-6930
-6938
-7053
-6938
-7116
-7485
-7255
-7455
-7278
-7128
-7136
-7114
-7357
-7108
-6953
-6923
-7074
-7407
-6901
-7379
-7089
-7179
-7380
-7368
-7122
-7132
-7393
-7417
-7406
-7256
-6875
-6901
-7141
-7055
-6882
-7116
-7079
-7319
-7010
-7066
-7106
-7251
-7523
-7062
-7394
-6922
-7380
-7331
-7298
-7032
-7431
-7171
-6997
-7103
-7113
-7047
-6895
-7265
-7292
-7314
-7008
-7179
-7480
-7222
-7310
-6955
-7412
-7176
-6963
-7060
-7141
-7221
-7249
-6963
-7465
-7209
-7206
-7086
-7018
-7138
-6935
-7022
-7263
-7107
-7275
-7105
-6992
-7495
-7067
-7563
-7339
-7540
-7316
-7435
-7010
-7214
-6986
-6990
-7321
-7289
-7070
-6967
-7265
-7422
-7450
-7386
-7392
-7116
-7436
-7479
-7478
-7114
-7528
-7150
-7418
-7521
-7021
-7282
-7051
-7252
-7494
-7132
-7467
-7394
-7121
-7195
-7429
-7151
-7049
-7463
-7487
-7097
-7193
-7414
-7477
-7134
-7255
-7432
-7125
-7327
-7458
-7175
-7407
-7004
-7253
-7312
-7146
-7484
-7537
-7262
-7132
-7465
-7210
-7615
-7617
-7319
-7181
-7506
-7375
-7007
-7166
-7097
-7023
-7578
-7317
-7385
-7169
-7348
-7511
-7193
-7608
-7500
-7539
-7013
-7128
-7315
-7098
-7640
-7242
-7251
-7126
-7298
-7371
-7272
-7289
-7266
-7271
-7331
-7401
-7336
-7327
-7594
-7275
-7110
-7421
-7366
-7100
-7602
-7478
-7531
-7353
-7653
-7658
-7525
-7170
-7518
-7072
-7051
-7320
-7558
-7365
-7424
-7570
-7330
-7618
-7373
-7080
-7444
-7384
-7580
-7252
-7133
-7324
-7692
-7565
-7545
-7157
-7669
-7631
-7677
-7385
-7402
-7634
-7654
-7308
-7121
-7329
-7472
-7617
-7578
-7171
-7151
-7235
-7474
-7297
-7571
-7598
-7565
-7551
-7254
-7346
-7265
-7591
-7364
-7421
-7096
-7147
-7443
-7398
-7613
-7403
-7283
-7541
-7427
-7321
-7447
-7654
-7264
-7434
-7618
-7626
-7413
-7312
-7211
-7644
-7238
-7595
-7337
-7573
-7690
-7572
-7347
-7456
-7708
-7329
-7660
-7246
-7573
-7176
-7160
-7375
-7330
-7199
-7766
-7283
-7750
-7190
-7460
-7308
-7238
-7551
-7739
-7430
-7632
-7503
-7266
-7148
-7731
-7508
-7184
-7428
-7574
-7658
-7609
-7426
-7185
-7543
-7375
-7319
-7431
-7743
-7443
-7645
-7243
-7669
-7688
-7328
-7689
-7569
-7485
-7375
-7600
-7806
-7448
-7662
-7548
-7585
-7301
-7778
-7368
-7289
-7675
-7226
-7487
-7366
-7424
-7481
-7506
-7585
-7337
-7505
-7794
-7312
-7517
-7727
-7431
-7361
-7559
-7829
-7760
-7552
-7647
-7366
-7306
-7387
-7412
-7680
-7522
-7493
-7796
-7558
-7492
-7532
-7524
-7236
-7390
-7218
-7783
-7216
-7462
-7650
-7382
-7451
-7742
-7268
-7436
-7225
-7848
-7824
-7865
-7346
-7593
-7820
-7247
-7647
-7507
-7476
-7258
-7573
-7654
-7504
-7359
-7408
-7754
-7538
-7634
-7390
-7630
-7837
-7690
-7680
-7781
-7454
-7521
-7882
-7289
-7781
-7546
-7854
-7665
-7881
-7644
-7810
-7613
-7369
-7448
-7603
-7609
-7831
-7741
-7777
-7744
-7803
-7474
-7467
-7365
-7426
-7890
-7778
-7848
-7890
-7614
-7831
-7295
-7328
-7801
-7373
-7617
-7692
-7478
-7758
-7854
-7640
-7364
-7836
-7360
-7457
-7425
-7931
-7301
-7655
-7534
-7935
-7801
-7477
-7833
-7639
-7930
-7837
-7642
-7806
-7640
-7693
-7356
-7410
-7854
-7503
-7757
-7609
-7590
-7320
-7396
-7873
-7500
-7924
-7574
-7514
-7844
-7871
-7454
-7880
-7817
-7965
-7447
-7836
-7453
-7944
-7855
-7628
-7976
-7453
-7355
-7979
-7606
-7782
-7433
-7755
-7605
-7967
-7376
-7436
-7757
-7865
-7714
-7696
-7978
-7691
-7827
-7371
-7727
-7630
-7963
-7933
-7476
-7434
-7724
-7525
-7416
-7551
-7941
-7802
-7700
-7818
-7776
-7608
-7762
-7568
-7932
-7832
-7792
-7838
-7934
-7568
-7426
-7860
-7824
-7527
-7869
-7492
-7910
-7806
-7739
-7481
-7987
-7456
-7886
-7915
-7764
-7427
-7609
-7812
-7831
-7958
-7984
-7793
-7566
-7860
-8047
-7848
-7987
-7827
-7997
-7529
-7632
-7688
-8046
-8012
-7559
-7731
-7740
-7738
-7583
-7716
-7503
-7515
-7440
-7594
-8015
-7554
-7892
-7428
-7575
-7479
-7740
-7727
-7448
-7964
-7864
-7822
-7837
-7988
-8044
-7992
-7457
-7517
-7565
-7800
-8052
-7675
-7953
-7610
-7662
-7805
-7998
-7485
-8040
-7628
-8043
-7706
-7550
-8005
-8060
-7902
-8077
-7936
-7902
-7724
-7603
-8000
-7795
-7841
-7836
-7488
-7692
-7856
-7509
-7856
-7731
-7636
-7478
-8003
-7752
-7569
-7748
-8074
-8028
-7574
-7656
-7521
-7600
-7852
-7734
-7825
-7686
-7823
-8031
-8068
-8015
-8045
-7868
-7958
-8015
-7891
-7679
-7546
-7536
-7540
-7766
-7939
-7547
-7788
-8129
-7945
-7574
-8037
-7595
-7627
-8013
-8143
-7599
-7610
-7907
-7573
-8069
-7697
-8150
-7854
-7835
-7893
-7753
-7771
-7912
-7595
-7731
-7860
-8122
-7670
-7559
-7918
-7995
-7988
-7547
-7548
-8067
-7776
-7941
-8102
-7943
-7693
-7866
-7613
-7655
-7618
-7877
-7755
-8088
-8142
-7563
-7852
-7950
-7579
-7888
-8050
-7992
-7865
-7838
-7813
-8004
-7636
-7667
-7631
-7722
-7775
-7909
-7630
-8212
-7592
-7790
-8151
-8220
-7940
-7772
-7781
-8003
-7942
-7605
-8048
-7871
-7725
-8031
-7614
-7942
-7690
-7806
-8072
-7917
-7985
-7832
-8024
-8055
-8139
-7818
-7608
-8088
-7967
-7859
-7723
-8224
-8085
-8110
-8113
-8140
-7843
-7747
-7629
-8181
-8135
-7934
-8078
-8026
-7953
-8119
-8139
-7664
-7775
-7750
-7834
-8225
-7865
-7684
-7765
-8030
-8171
-7896
-7880
-7993
-8092
-8210
-8232
-7855
-7798
-7657
-7694
-7704
-7656
-8179
-7817
-7766
-8255
-8263
-7680
-7820
-7957
-8051
-8223
-7792
-8131
-8244
-8139
-8253
-7908
-7744
-7695
-7696
-7686
-8093
-7773
-7741
-8207
-7724
-8272
-7772
-7678
-8209
-7751
-8296
-7899
-8018
-8020
-7789
-7860
-7957
-7940
-7697
-7820
-7688
-8204
-8070
-8152
-8087
-7857
-8154
-7888
-7884
-8123
-7744
-7738
-7870
-8054
-7757
-8194
-8194
-7774
-8175
-7977
-7877
-8016
-7904
-8187
-7746
-7934
-8079
-7855
-8249
-8333
-7737
-8161
-7796
-8109
-7830
-8157
-7889
-7909
-7899
-8192
-7820
-8085
-7998
-8160
-7834
-7871
-8177
-8092
-8197
-7816
-7750
-8279
-7951
-7924
-8103
-8278
-7947
-8303
-8209
-8203
-7921
-7959
-7819
-8173
-7863
-8270
-7807
-7826
-7771
-8253
-8328
-8269
-8055
-7854
-8305
-8028
-8036
-7953
-8159
-8110
-7795
-7774
-8047
-8162
-8320
-8399
-7884
-8214
-8135
-8153
-8021
-7970
-7839
-7826
-8103
-7896
-8337
-7870
-7814
-8417
-8310
-8015
-7785
-8002
-8056
-8207
-8326
-8164
-8277
-8287
-8096
-8151
-7882
-7931
-8246
-8265
-8151
-7828
-8232
-8067
-8379
-8133
-8189
-8112
-8275
-8088
-8127
-8010
-7891
-8066
-8171
-7931
-8082
-7934
-7866
-8382
-7883
-8397
-7951
-8280
-7842
-8083
-7858
-7892
-8300
-8052
-8201
-7894
-8180
-8148
-7856
-8200
-8226
-8074
-7996
-8130
-7900
-8449
-8147
-7959
-8119
-8056
-7965
-8334
-8052
-8316
-8148
-8245
-7860
-8384
-7949
-8233
-8475
-8106
-7898
-8052
-8003
-8231
-8500
-8066
-8419
-8504
-7937
-8183
-8035
-7932
-8460
-8141
-7985
-8123
-8117
-8017
-8282
-8222
-8290
-7972
-8395
-8063
-8286
-7923
-8250
-8082
-8341
-8475
-8375
-7995
-8221
-8450
-8214
-7996
-8039
-8332
-8357
-8501
-8457
-8390
-8195
-8523
-8543
-7963
-8361
-8356
-8418
-8387
-8527
-8237
-8110
-8188
-8473
-8033
-7999
-8320
-8448
-8263
-8246
-8035
-8048
-8043
-8354
-8125
-8094
-8231
-8165
-7968
-7964
-8479
-8513
-8486
-8029
-8449
-8164
-8381
-8386
-8309
-8426
-7968
-8116
-8119
-8322
-8426
-8128
-8572
-8174
-8447
-8109
-8448
-7979
-8076
-8148
-7995
-8494
-8471
-8579
-8170
-8533
-7958
-8149
-8572
-8179
-8494
-7978
-8340
-8441
-7972
-8054
-8173
-8353
-8458
-8376
-8355
-8616
-8082
-8058
-8204
-8384
-8476
-8528
-8059
-8306
-8567
-8110
-8430
-8148
-8466
-8557
-8097
-7995
-8481
-8579
-8611
-8478
-8481
-8001
-8033
-8286
-8036
-8039
-8265
-8447
-8187
-8482
-8424
-8510
-8394
-8493
-8200
-8624
-8522
-8280
-8367
-8025
-8227
-8402
-8089
-8644
-8151
-8422
-8043
-8534
-8438
-8387
-8531
-8181
-8194
-8447
-8195
-8464
-8376
-8520
-8347
-8382
-8647
-8468
-8677
-8364
-8631
-8639
-8320
-8439
-8062
-8239
-8330
-8212
-8625
-8286
-8658
-8351
-8652
-8091
-8272
-8681
-8596
-8171
-8278
-8277
-8322
-8697
-8078
-8123
-8582
-8072
-8255
-8507
-8084
-8633
-8328
-8527
-8554
-8635
-8479
-8657
-8084
-8594
-8179
-8335
-8177
-8704
-8218
-8166
-8578
-8132
-8139
-8562
-8102
-8395
-8250
-8647
-8479
-8114
-8200
-8331
-8294
-8233
-8632
-8643
-8306
-8144
-8580
-8371
-8601
-8490
-8721
-8649
-8679
-8422
-8299
-8679
-8287
-8683
-8489
-8352
-8171
-8518
-8414
-8445
-8200
-8466
-8679
-8124
-8350
-8390
-8332
-8704
-8488
-8272
-8456
-8456
-8434
-8353
-8476
-8170
-8186
-8553
-8456
-8546
-8292
-8203
-8290
-8587
-8458
-8263
-8486
-8535
-8226
-8636
-8384
-8430
-8401
-8728
-8406
-8325
-8587
-8197
-8742
-8212
-8726
-8192
-8796
-8756
-8798
-8208
-8443
-8325
-8617
-8776
-8605
-8717
-8730
-8655
-8385
-8503
-8513
-8783
-8243
-8585
-8527
-8775
-8547
-8299
-8614
-8343
-8559
-8234
-8567
-8278
-8536
-8513
-8397
-8458
-8580
-8463
-8484
-8254
-8385
-8565
-8370
-8682
-8345
-8430
-8518
-8807
-8756
-8314
-8294
-8621
-8384
-8423
-8290
-8297
-8702
-8451
-8496
-8296
-8481
-8567
-8466
-8788
-8567
-8307
-8459
-8244
-8479
-8240
-8262
-8268
-8624
-8292
-8462
-8701
-8519
-8270
-8637
-8877
-8805
-8562
-8518
-8425
-8320
-8269
-8717
-8488
-8675
-8767
-8619
-8769
-8854
-8496
-8690
-8683
-8353
-8592
-8543
-8302
-8648
-8360
-8828
-8272
-8482
-8874
-8749
-8306
-8768
-8849
-8390
-8323
-8907
-8343
-8602
-8468
-8385
-8566
-8689
-8867
-8739
-8588
-8422
-8309
-8830
-8433
-8431
-8395
-8670
-8624
-8585
-8898
-8462
-8598
-8296
-8556
-8854
-8475
-8750
-8480
-8857
-8733
-8565
-8749
-8418
-8479
-8621
-8805
-8822
-8701
-8370
-8316
-8783
-8485
-8637
-8729
-8696
-8729
-8431
-8689
-8476
-8490
-8785
-8429
-8367
-8639
-8854
-8682
-8559
-8422
-8713
-8404
-8444
-8367
-8768
-8572
-8756
-8642
-8567
-8597
-8691
-8740
-8647
-8367
-8772
-8770
-8738
-8660
-8811
-8673
-8481
-8719
-8871
-8970
-8571
-8649
-8913
-8583
-8806
-8818
-8372
-8650
-8771
-8925
-8532
-8427
-8448
-8408
-8387
-8773
-8573
-8968
-8682
-8810
-8376
-8809
-8904
-8640
-8620
-8427
-8582
-8699
-8739
-8440
-8647
-8677
-8918
-8784
-8932
-8540
-8394
-8696
-8762
-8418
-8644
-8638
-9020
-8813
-8788
-8512
-8769
-8685
-8914
-8770
-8800
-8880
-8526
-8929
-8507
-8423
-8720
-8676
-8851
-8796
-8935
-8805
-9030
-8492
-8572
-8866
-9005
-8445
-8747
-8431
-8673
-8520
-8533
-8458
-8696
-8714
-8813
-9034
-8981
-8483
-8819
-9016
-8775
-8554
-8963
-8958
-8604
-8955
-8842
-8686
-8558
-9052
-8557
-8974
-8752
-8977
-8662
-8628
-8974
-9037
-8820
-8725
-9058
-8660
-8505
-8702
-8766
-9009
-8973
-9050
-8600
-8510
-8655
-9040
-8688
-8665
-8606
-8473
-8727
-9005
-9108
-8471
-8763
-9076
-8949
-8667
-8993
-8938
-8947
-8720
-9037
-9098
-9017
-8907
-9042
-8579
-8750
-8758
-8992
-8556
-8797
-8528
-8678
-8670
-9099
-8650
-8776
-8666
-9059
-8570
-9107
-8722
-8745
-8567
-9002
-8791
-8619
-8604
-8843
-9046
-8515
-8717
-8529
-8545
-8851
-9077
-8662
-9065
-8979
-9079
-9084
-8702
-8802
-8528
-8837
-9069
-8547
-8806
-8636
-8912
-8922
-8583
-9122
-8955
-8778
-8540
-8980
-8552
-8956
-9161
-8995
-8725
-9027
-8929
-8734
-8797
-8885
-9159
-8887
-8843
-9022
-9008
-8948
-9075
-8685
-9051
-8640
-8868
-8609
-8684
-8900
-8615
-9149
-8799
-8872
-8765
-8611
-9054
-8904
-8721
-8579
-9170
-8672
-8952
-8832
-9142
-8806
-8894
-8807
-8662
-8874
-8853
-8689
-8584
-9067
-8956
-9181
-8995
-8839
-8975
-8693
-8965
-9055
-9149
-8680
-8851
-8744
-9055
-9111
-8942
-8769
-8891
-8703
-8720
-9096
-9179
-8838
-9169
-8909
-9178
-9140
-9000
-9027
-9233
-8622
-9076
-8801
-9153
-8906
-8700
-8937
-9000
-9150
-8641
-9043
-8796
-9026
-9260
-9011
-9271
-9193
-8854
-9257
-8839
-8739
-8733
-8816
-9029
-8687
-8876
-9073
-9068
-8643
-8645
-8821
-8665
-9010
-8764
-8880
-9165
-9158
-9088
-9034
-8942
-8881
-8890
-8734
-8917
-8814
-8899
-8849
-8847
-9118
-8904
-9013
-8738
-9200
-8744
-8928
-9258
-9136
-9137
-8712
-8801
-9147
-9170
-9277
-8935
-8920
-9209
-9066
-9070
-8823
-8995
-8957
-9051
-9201
-8978
-8774
-8988
-8768
-9315
-9221
-8834
-9100
-9320
-9230
-8776
-8822
-9262
-9163
-8843
-8707
-9334
-9284
-9330
-8799
-8804
-9225
-8949
-8893
-8994
-9297
-8970
-8868
-8859
-8783
-8821
-8834
-8826
-9110
-9192
-9042
-8996
-8944
-9317
-9148
-8907
-9292
-9241
-8956
-8994
-8965
-9030
-8888
-9221
-8981
-9022
-8925
-8739
-8761
-8973
-8748
-8845
-9232
-8979
-8751
-8913
-9060
-9383
-9248
-8970
-9247
-9161
-8808
-9324
-8944
-8867
-9176
-8859
-8912
-9048
-9336
-9030
-9105
-9262
-9075
-9038
-9290
-9176
-9069
-8858
-9375
-8902
-9347
-8809
-9373
-9353
-8890
-9349
-9217
-9144
-9372
-9201
-9130
-8907
-8952
-8922
-9334
-8791
-9185
-8925
-8880
-9429
-9419
-9113
-8825
-8835
-8841
-9326
-9397
-8872
-9166
-8983
-8864
-9225
-9399
-9330
-9365
-9093
-9065
-9261
-9118
-9171
-9061
-9377
-9314
-9296
-9269
-9343
-9118
-8879
-9260
-9176
-9417
-9068
-9010
-9261
-9061
-9331
-9473
-8929
-9259
-8952
-8859
-9036
-9328
-9412
-9086
-9304
-9450
-9052
-9231
-8860
-9105
-8948
-8978
-8871
-9436
-9062
-9433
-9317
-9273
-9250
-9207
-9234
-9347
-9201
-9054
-8916
-9125
-9495
-9013
-9294
-9404
-9473
-8931
-9059
-9066
-9004
-9390
-9430
-9328
-9218
-9260
-9128
-9174
-9058
-9164
-9227
-9025
-9413
-9052
-9513
-8997
-9237
-9003
-8959
-8989
-9390
-8947
-9328
-9007
-9102
-8972
-9439
-9476
-9036
-8989
-9088
-9092
-9006
-9338
-9409
-8950
-8926
-9074
-9419
-9171
-9393
-9383
-9186
-9295
-9195
-8975
-9235
-8997
-8991
-9404
-8934
-9000
-9351
-9085
-9057
-8972
-9115
-9032
-9225
-9283
-9087
-9462
-9142
-9293
-9225
-9163
-9347
-9083
-9517
-9367
-9103
-9229
-8982
-9315
-8967
-9186
-8966
-9270
-9325
-9139
-9532
-9056
-9470
-9224
-9172
-9578
-9049
-9118
-9262
-9163
-9183
-9101
-9035
-9272
-9202
-9136
-9316
-9286
-9006
-9005
-9244
-9237
-9252
-9153
-9227
-9441
-8983
-8990
-9122
-9400
-9353
-9466
-9143
-9039
-9185
-9025
-9527
-9006
-9112
-9340
-9467
-9402
-9396
-9375
-9297
-9425
-9217
-9596
-9594
-9465
-9429
-9378
-9612
-9065
-9164
-9021
-9105
-9629
-9218
-9477
-9416
-9024
-9293
-9386
-9626
-9588
-9202
-9610
-9588
-9532
-9020
-9526
-9478
-9608
-9229
-9259
-9325
-9559
-9327
-9555
-9387
-9362
-9260
-9445
-9670
-9479
-9112
-9385
-9286
-9062
-9141
-9281
-9194
-9220
-9207
-9329
-9462
-9446
-9075
-9414
-9660
-9359
-9356
-9194
-9424
-9586
-9199
-9485
-9419
-9065
-9087
-9691
-9064
-9527
-9601
-9607
-9130
-9333
-9687
-9422
-9183
-9296
-9242
-9623
-9499
-9232
-9387
-9089
-9549
-9664
-9175
-9128
-9309
-9713
-9615
-9380
-9410
-9207
-9448
-9281
-9180
-9730
-9438
-9667
-9735
-9272
-9336
-9263
-9285
-9499
-9485
-9121
-9230
-9344
-9679
-9341
-9660
-9583
-9167
-9561
-9464
-9119
-9167
-9539
-9317
-9362
-9170
-9399
-9741
-9313
-9261
-9222
-9633
-9473
-9239
-9550
-9257
-9593
-9621
-9389
-9372
-9261
-9656
-9624
-9518
-9768
-9749
-9671
-9576
-9159
-9264
-9568
-9611
-9225
-9240
-9482
-9577
-9613
-9206
-9651
-9267
-9176
-9454
-9495
-9710
-9720
-9738
-9706
-9193
-9486
-9267
-9536
-9372
-9179
-9210
-9554
-9220
-9613
-9653
-9734
-9305
-9238
-9557
-9374
-9636
-9711
-9297
-9446
-9697
-9771
-9331
-9487
-9350
-9651
-9801
-9445
-9551
-9619
-9374
-9556
-9230
-9279
-9271
-9448
-9497
-9690
-9787
-9323
-9255
-9572
-9374
-9353
-9310
-9595
-9270
-9370
-9619
-9289
-9692
-9510
-9431
-9213
-9761
-9384
-9476
-9614
-9624
-9435
-9265
-9371
-9754
-9380
-9544
-9260
-9453
-9544
-9400
-9343
-9319
-9853
-9815
-9787
-9475
-9454
-9484
-9629
-9810
-9760
-9818
-9728
-9662
-9649
-9562
-9463
-9476
-9255
-9468
-9662
-9653
-9615
-9252
-9341
-9487
-9604
-9681
-9659
-9450
-9467
-9529
-9267
-9584
-9422
-9402
-9784
-9716
-9458
-9586
-9488
-9749
-9330
-9864
-9851
-9547
-9542
-9881
-9560
-9840
-9835
-9571
-9673
-9285
-9802
-9557
-9907
-9885
-9480
-9296
-9780
-9781
-9832
-9738
-9433
-9714
-9351
-9602
-9777
-9429
-9588
-9628
-9851
-9703
-9789
-9681
-9924
-9771
-9726
-9898
-9630
-9385
-9899
-9855
-9516
-9532
-9915
-9879
-9601
-9548
-9502
-9762
-9942
-9491
-9514
-9945
-9522
-9839
-9413
-9944
-9506
-9393
-9572
-9343
-9381
-9695
-9717
-9692
-9586
-9358
-9497
-9444
-9981
-9727
-9438
-9389
-9769
-9924
-9432
-9683
-9631
-9693
-9502
-9867
-9426
-9969
-9561
-9892
-9947
-9529
-9693
-9611
-9862
-9687
-9824
-9545
-9938
-9670
-9512
-9619
-9552
-9794
-9939
-9517
-9677
-9394
-9982
-9841
-9948
-9565
-9624
-9974
-9612
-9837
-9678
-9709
-9415
-9439
-9959
-9950
-10013
-9504
-9812
-9598
-9442
-9762
-9752
-10006
-9599
-9964
-9998
-9409
-9824
-10038
-9426
-9498
-9485
-10029
-9540
-9974
-10018
-9679
-9852
-9800
-9891
-9646
-9828
-9832
-9609
-9745
-9882
-10034
-9855
-9914
-9443
-9448
-9753
-9834
-9624
-9996
-9471
-9679
-9923
-9717
-9505
-9960
-9558
-9632
-9497
-9791
-9448
-10067
-9863
-9635
-9453
-10044
-9830
-9525
-9998
-9648
-9758
-9454
-10022
-9623
-10031
-9477
-9722
-9866
-9900
-9808
-9684
-9588
-9544
-9697
-9738
-9901
-9532
-9797
-9880
-9605
-10073
-9984
-9872
-10006
-9596
-10093
-9684
-9668
-9499
-9754
-9992
-9640
-9758
-9815
-9631
-9867
-9743
-9739
-9978
-9549
-10112
-10030
-9932
-9618
-10008
-10064
-9509
-10127
-9805
-9826
-9717
-9804
-9828
-10022
-9886
-9939
-9957
-9723
-9854
-9749
-9594
-10027
-9517
-10003
-10065
-9820
-9814
-10152
-9766
-9599
-9853
-9549
-9551
-10134
-9646
-9817
-10164
-9837
-10054
-10041
-9592
-9791
-9556
-9873
-9930
-10115
-10175
-9614
-10159
-9720
-9560
-10002
-9800
-9984
-9699
-9753
-9794
-9550
-9893
-9994
-9931
-9827
-9991
-9550
-9595
-9817
-10065
-10006
-9624
-9767
-10135
-9802
-10118
-9700
-9790
-9724
-9655
-10038
-9951
-9928
-9875
-10158
-10135
-9646
-9586
-9611
-10035
-9899
-9902
-9827
-9844
-9582
-9794
-10124
-9790
-10107
-10161
-10048
-10001
-9611
-9727
-10118
-9630
-9804
-10075
-9629
-10071
-10074
-10046
-9632
-9771
-10075
-9603
-9783
-10094
-10040
-9870
-9964
-10124
-10157
-10097
-9767
-10188
-10075
-10058
-9705
-9982
-9614
-9630
-9810
-10238
-9830
-9674
-9960
-9987
-9790
-9835
-9887
-9863
-10098
-9680
-10105
-9668
-9692
-9808
-10053
-10192
-9710
-10086
-10122
-9735
-10000
-9832
-9654
-9701
-10205
-9749
-10137
-10216
-10269
-10024
-10286
-10223
-10245
-9766
-9824
-10098
-9691
-10031
-10022
-10053
-9865
-9994
-9801
-10060
-10302
-9873
-9675
-10065
-9877
-9815
-9848
-10125
-10034
-9905
-9882
-10203
-9977
-9961
-9734
-9851
-9875
-9995
-10095
-10230
-9910
-10242
-10063
-9881
-10291
-9875
-9735
-10219
-9804
-10006
-9768
-9831
-9766
-10318
-9933
-10279
-9908
-9736
-10067
-9758
-9859
-10212
-9882
-10340
-9947
-10149
-10169
-10274
-9796
-10229
-9742
-10329
-10032
-9885
-10350
-9884
-9868
-9883
-10209
-10071
-10309
-9876
-9887
-10238
-10289
-10201
-10047
-10303
-10123
-9965
-10363
-10112
-10182
-10126
-10244
-9746
-10376
-10041
-9914
-10371
-10126
-9819
-10020
-10225
-9971
-10233
-10336
-10183
-10052
-10067
-9844
-10143
-10368
-10021
-10352
-10350
-10297
-10324
-10117
-10322
-10074
-10342
-9796
-10164
-9841
-10089
-9849
-10179
-10136
-9804
-10159
-9992
-10248
-9862
-10247
-9840
-10150
-9792
-9983
-10422
-10420
-9825
-10389
-9987
-10113
-9813
-9940
-9922
-9851
-10221
-10406
-10394
-10339
-10235
-10385
-10135
-10209
-9811
-10141
-10363
-10150
-9922
-9807
-10078
-9968
-10100
-10340
-10238
-9910
-10011
-9926
-10377
-10140
-10443
-10209
-10180
-9900
-10374
-10015
-10113
-9911
-10103
-10366
-9862
-10042
-9833
-10115
-10120
-10383
-10167
-9904
-9970
-10412
-10444
-10028
-10216
-9870
-10213
-9870
-10347
-10130
-9854
-10179
-10447
-10447
-10173
-10282
-10359
-9880
-9885
-10384
-10278
-10087
-10266
-10327
-10334
-9885
-10290
-10326
-9989
-9996
-9947
-9943
-9932
-10070
-10393
-10488
-10280
-10070
-10062
-10308
-10095
-10308
-9992
-9889
-10468
-10385
-9922
-9900
-10513
-10023
-10277
-10459
-10239
-10364
-10185
-9889
-10091
-10225
-10205
-9949
-10283
-10012
-9993
-10394
-10142
-10174
-9998
-9906
-10148
-10493
-9950
-10439
-10120
-10546
-10198
-10350
-10000
-10112
-10066
-10412
-10229
-10201
-10132
-10459
-10211
-9970
-10219
-10103
-10394
-10256
-10410
-10055
-9963
-10414
-10048
-10167
-10118
-10384
-10249
-10269
-10395
-10089
-10103
-10291
-10135
-10057
-10044
-9988
-10546
-10235
-10395
-10411
-10545
-10002
-10231
-10296
-10126
-10354
-10446
-10558
-10234
-10312
-10068
-10162
-10122
-10549
-10045
-10337
-10456
-10248
-10301
-10162
-10284
-10353
-10509
-10338
-10244
-10271
-10245
-10112
-10465
-10222
-10325
-10348
-10265
-10229
-9997
-10405
-10101
-10101
-10116
-10529
-10371
-10100
-10037
-10291
-10003
-10524
-10524
-10006
-10385
-10159
-10335
-10454
-10012
-10145
-10317
-10590
-10467
-10240
-10607
-10510
-10324
-10606
-10127
-10562
-10441
-10513
-10377
-10348
-10189
-10122
-10360
-10214
-10057
-10091
-10548
-10158
-10475
-10327
-10025
-10053
-10452
-10200
-10166
-10151
-10635
-10283
-10530
-10271
-10522
-10067
-10519
-10136
-10054
-10680
-10450
-10147
-10066
-10151
-10650
-10324
-10084
-10458
-10233
-10682
-10613
-10056
-10583
-10429
-10254
-10566
-10177
-10549
-10607
-10594
-10701
-10476
-10693
-10549
-10180
-10453
-10687
-10508
-10269
-10576
-10224
-10446
-10291
-10402
-10705
-10697
-10409
-10443
-10527
-10096
-10504
-10202
-10169
-10541
-10308
-10644
-10098
-10619
-10248
-10579
-10362
-10395
-10473
-10210
-10536
-10455
-10700
-10366
-10660
-10408
-10104
-10457
-10512
-10530
-10615
-10550
-10631
-10471
-10247
-10441
-10670
-10654
-10607
-10656
-10443
-10137
-10455
-10730
-10181
-10448
-10231
-10644
-10688
-10485
-10126
-10740
-10439
-10206
-10560
-10244
-10339
-10744
-10135
-10264
-10378
-10621
-10500
-10178
-10162
-10202
-10149
-10324
-10737
-10704
-10192
-10278
-10755
-10306
-10599
-10172
-10750
-10566
-10516
-10538
-10459
-10275
-10299
-10223
-10418
-10172
-10772
-10706
-10562
-10681
-10262
-10370
-10236
-10231
-10752
-10598
-10516
-10809
-10419
-10619
-10452
-10209
-10817
-10290
-10554
-10339
-10448
-10589
-10804
-10596
-10695
-10343
-10640
-10692
-10685
-10288
-10316
-10375
-10589
-10414
-10204
-10395
-10415
-10359
-10526
-10800
-10805
-10322
-10545
-10758
-10595
-10751
-10502
-10597
-10412
-10656
-10725
-10801
-10536
-10803
-10388
-10283
-10288
-10273
-10406
-10294
-10247
-10464
-10655
-10410
-10843
-10786
-10375
-10653
-10352
-10702
-10469
-10461
-10376
-10639
-10525
-10824
-10357
-10319
-10595
-10322
-10719
-10579
-10405
-10855
-10584
-10348
-10862
-10760
-10508
-10352
-10481
-10808
-10672
-10346
-10575
-10479
-10328
-10855
-10524
-10391
-10816
-10319
-10460
-10716
-10622
-10887
-10649
-10460
-10855
-10486
-10725
-10652
-10892
-10897
-10876
-10522
-10811
-10706
-10346
-10447
-10910
-10379
-10739
-10833
-10358
-10472
-10797
-10570
-10543
-10536
-10529
-10519
-10511
-10388
-10655
-10933
-10564
-10876
-10931
-10369
-10356
-10575
-10461
-10513
-10515
-10888
-10660
-10545
-10554
-10706
-10761
-10654
-10862
-10437
-10951
-10788
-10329
-10717
-10405
-10821
-10455
-10417
-10633
-10608
-10961
-10472
-10913
-10330
-10599
-10968
-10899
-10729
-10505
-10670
-10862
-10466
-10953
-10405
-10604
-10677
-10905
-10874
-10891
-10855
-10642
-10654
-10853
-10362
-10784
-10363
-10881
-10986
-10901
-10522
-10995
-10437
-10607
-10541
-10879
-10988
-10862
-10934
-10933
-10743
-10788
-10532
-10971
-10773
-10511
-10380
-10816
-10678
-10722
-10910
-10960
-10402
-10474
-10931
-10564
-10531
-10726
-10881
-10829
-10570
-10759
-10693
-10855
-10778
-10416
-10768
-10828
-10996
-10975
-10791
-10623
-10793
-10495
-10658
-10709
-10845
-10982
-10889
-10927
-10973
-10897
-10826
-10725
-11048
-10753
-11029
-10784
-10767
-10801
-10847
-10491
-10839
-10505
-10420
-10766
-10862
-10660
-10761
-10756
-10501
-10479
-10507
-10591
-10645
-10808
-10817
-10991
-10827
-11009
-10954
-11065
-10813
-11060
-10598
-10821
-10865
-10600
-10770
-11073
-10987
-10595
-10975
-10876
-10701
-10971
-10461
-10760
-10465
-10616
-10936
-11023
-10891
-10576
-10892
-10994
-11072
-10800
-10805
-10844
-10901
-10690
-11095
-10661
-10817
-10654
-10748
-10953
-10707
-10957
-10881
-10640
-10964
-11032
-10558
-10483
-10804
-10723
-10684
-10728
-11083
-10767
-11095
-11093
-10876
-10831
-11001
-11122
-11129
-10748
-10620
-10986
-10902
-10657
-10834
-11009
-11006
-10665
-10659
-10862
-10877
-11111
-10850
-11079
-10921
-10703
-10981
-11125
-11040
-11134
-11023
-10890
-10665
-10903
-10714
-10738
-11036
-10554
-11032
-10640
-10725
-10820
-10748
-10970
-10632
-10700
-10985
-11114
-10837
-10864
-10720
-11045
-10767
-10799
-11075
-10770
-11116
-10909
-10566
-10574
-10662
-10804
-10574
-11023
-11072
-10722
-11095
-11071
-10639
-10551
-11106
-11010
-10877
-11057
-10665
-10972
-11077
-11142
-11064
-10795
-11023
-10967
-10816
-10600
-10763
-10798
-10599
-11051
-10857
-10651
-10714
-11103
-11070
-10819
-10937
-11025
-10630
-10684
-10644
-11089
-10714
-10696
-10669
-11019
-10841
-10735
-11024
-11134
-11018
-10609
-10841
-11204
-10731
-10601
-10821
-11222
-10745
-10718
-10920
-10753
-10703
-11016
-11218
-10929
-10834
-11198
-11026
-10999
-11240
-11096
-10837
-11030
-10778
-11125
-10781
-11207
-11029
-11129
-11094
-10810
-11039
-11184
-10840
-11082
-10767
-11161
-11178
-10869
-11131
-11247
-10753
-11001
-11033
-10752
-10851
-11225
-11156
-11191
-10945
-11016
-10881
-10952
-11286
-11216
-11221
-10914
-11198
-10798
-11041
-11158
-11079
-11107
-11289
-11028
-10702
-10667
-11287
-10793
-10703
-11142
-10996
-10963
-11159
-10826
-11153
-10829
-10935
-10904
-11273
-11202
-11091
-11039
-10838
-11053
-11229
-11113
-10800
-11202
-10830
-10788
-10761
-10969
-10699
-11080
-10787
-11251
-10774
-11323
-10756
-11200
-11071
-11181
-10966
-11146
-10741
-10785
-11079
-11044
-10824
-11264
-11199
-10870
-10857
-11085
-11310
-10912
-10943
-11021
-11044
-11068
-10910
-10780
-10721
-11229
-11190
-11225
-11301
-11187
-10944
-11360
-10891
-10722
-11353
-11284
-11304
-10922
-10892
-10744
-11213
-10842
-10831
-11206
-11241
-11112
-10761
-10918
-10835
-11030
-10995
-11342
-11348
-10772
-11096
-11345
-10839
-11037
-11344
-10883
-10754
-11249
-11134
-10808
-11013
-11082
-10890
-11092
-11059
-11250
-10945
-11062
-10777
-10805
-11393
-10959
-11231
-11122
-11241
-11299
-11029
-11011
-11374
-11153
-10882
-11015
-11372
-10857
-11138
-11091
-10957
-11281
-11010
-11254
-11230
-10800
-11332
-10900
-11402
-10891
-10891
-10790
-10962
-10928
-11241
-10867
-11344
-11212
-10830
-11003
-11269
-10936
-11124
-10955
-10838
-11194
-11308
-11288
-10995
-10921
-10909
-11180
-11292
-11130
-10869
-11119
-11408
-11416
-11270
-10950
-11105
-10996
-11093
-11050
-11106
-11149
-11022
-11435
-11018
-10955
-11109
-10846
-11086
-10858
-10972
-11463
-11240
-10960
-11161
-11351
-11123
-11116
-11449
-10985
-11012
-11009
-11303
-11048
-10847
-11168
-11114
-10892
-11251
-11056
-11111
-11378
-11327
-11287
-11292
-11140
-11385
-11270
-11030
-11016
-10952
-11253
-11206
-11375
-10937
-10942
-11245
-11080
-11202
-11400
-11399
-11444
-11266
-11083
-11027
-11202
-11010
-11468
-10882
-11368
-11153
-11015
-11457
-11503
-11480
-11113
-11345
-10965
-10935
-11051
-11404
-10971
-10956
-11302
-11431
-11142
-11198
-11006
-11094
-11387
-11490
-11032
-11101
-11282
-10979
-11190
-11232
-11068
-10916
-11128
-11435
-10951
-11351
-11331
-11451
-11430
-11353
-11350
-11335
-11160
-11435
-10973
-11391
-11300
-11456
-11020
-11436
-11356
-11233
-11430
-11561
-11083
-11030
-11108
-11272
-11400
-11180
-11325
-11145
-11365
-11068
-11158
-11175
-11175
-11582
-11127
-10976
-11085
-11121
-11457
-11427
-11155
-11353
-11163
-11498
-11216
-11152
-11107
-10997
-11359
-11355
-11237
-11550
-11042
-11322
-11448
-11533
-11575
-11339
-11246
-11467
-11591
-11215
-11472
-11560
-11099
-11416
-11390
-11522
-11568
-11132
-11499
-11009
-11568
-11527
-11580
-11121
-11601
-11545
-11608
-11274
-11538
-11317
-11429
-11227
-11159
-11565
-11181
-11568
-11335
-11054
-11067
-11027
-11568
-11419
-11302
-11341
-11151
-11259
-11327
-11438
-11292
-11219
-11348
-11403
-11477
-11655
-11442
-11134
-11384
-11212
-11566
-11325
-11215
-11384
-11266
-11133
-11619
-11500
-11588
-11313
-11134
-11423
-11647
-11632
-11115
-11377
-11479
-11662
-11674
-11658
-11409
-11566
-11624
-11626
-11156
-11595
-11326
-11281
-11191
-11070
-11381
-11055
-11415
-11129
-11271
-11629
-11587
-11171
-11198
-11262
-11235
-11514
-11351
-11617
-11616
-11312
-11233
-11158
-11404
-11202
-11146
-11452
-11633
-11297
-11598
-11277
-11632
-11223
-11375
-11639
-11691
-11105
-11283
-11204
-11302
-11101
-11396
-11582
-11387
-11207
-11139
-11161
-11674
-11483
-11116
-11713
-11524
-11715
-11713
-11134
-11155
-11483
-11694
-11673
-11536
-11479
-11312
-11701
-11411
-11507
-11343
-11597
-11574
-11624
-11595
-11305
-11733
-11464
-11629
-11735
-11661
-11251
-11427
-11329
-11698
-11280
-11454
-11172
-11267
-11181
-11303
-11535
-11297
-11157
-11742
-11367
-11434
-11142
-11611
-11302
-11323
-11317
-11687
-11420
-11752
-11267
-11564
-11365
-11754
-11364
-11472
-11326
-11741
-11461
-11784
-11651
-11246
-11347
-11629
-11695
-11653
-11424
-11602
-11228
-11394
-11789
-11283
-11280
-11561
-11408
-11714
-11634
-11733
-11275
-11552
-11268
-11339
-11476
-11679
-11513
-11195
-11825
-11495
-11523
-11752
-11650
-11706
-11217
-11348
-11352
-11365
-11498
-11199
-11672
-11291
-11736
-11842
-11840
-11654
-11812
-11312
-11704
-11845
-11468
-11429
-11234
-11774
-11403
-11515
-11370
-11395
-11344
-11309
-11661
-11235
-11486
-11561
-11325
-11825
-11423
-11793
-11433
-11517
-11601
-11558
-11305
-11490
-11805
-11410
-11819
-11740
-11866
-11687
-11835
-11241
-11462
-11366
-11264
-11399
-11360
-11677
-11652
-11482
-11802
-11635
-11411
-11519
-11688
-11855
-11590
-11282
-11581
-11516
-11512
-11331
-11887
-11447
-11627
-11830
-11874
-11573
-11403
-11682
-11685
-11407
-11872
-11514
-11570
-11286
-11889
-11276
-11596
-11460
-11528
-11454
-11316
-11707
-11684
-11664
-11495
-11624
-11442
-11491
-11883
-11593
-11693
-11479
-11512
-11565
-11877
-11756
-11332
-11358
-11827
-11325
-11778
-11467
-11788
-11322
-11538
-11549
-11587
-11782
-11688
-11613
-11346
-11869
-11516
-11789
-11551
-11563
-11586
-11425
-11703
-11851
-11881
-11491
-11703
-11687
-11810
-11437
-11482
-11798
-11500
-11450
-11693
-11896
-11869
-11381
-11892
-11861
-11791
-11802
-11431
-11721
-11690
-11721
-11590
-11690
-11841
-11440
-11778
-11389
-11937
-11569
-11487
-11592
-11725
-11888
-11822
-11444
-11602
-11498
-11966
-11385
-11412
-11451
-12001
-11504
-11527
-11750
-11659
-11730
-11736
-11942
-11720
-11786
-11471
-11461
-11868
-11617
-11543
-12004
-11521
-11489
-11697
-11832
-11652
-11637
-11846
-11910
-12024
-11888
-11680
-11827
-12003
-11730
-11397
-11770
-11603
-11670
-11398
-11591
-11986
-11552
-11875
-11544
-12009
-11698
-11559
-11446
-12028
-11533
-11653
-11683
-11640
-12000
-11455
-11874
-11708
-11629
-12021
-11524
-11947
-11542
-11713
-12015
-11643
-11629
-11678
-12017
-11454
-11701
-11627
-12051
-11665
-11505
-11830
-11868
-11868
-11794
-11935
-11560
-11766
-11655
-11474
-11607
-11617
-11500
-11551
-11568
-11802
-11583
-11712
-11773
-12058
-11615
-11610
-11597
-11482
-11934
-11530
-11603
-11764
-11862
-11533
-11838
-11590
-11549
-11954
-11501
-11807
-11766
-12044
-11999
-11615
-11631
-12098
-11779
-11894
-12095
-12082
-11849
-11803
-11613
-12073
-11618
-11925
-11915
-12014
-12118
-11692
-12068
-12113
-11973
-11796
-11653
-11990
-11555
-11965
-11636
-11553
-11631
-11727
-11638
-11764
-11993
-12027
-11627
-12080
-12103
-11923
-11632
-12103
-11583
-12026
-11994
-11998
-11544
-11783
-12069
-11715
-11639
-12020
-11547
-11636
-12025
-11566
-12073
-11609
-11544
-12111
-12052
-11547
-12038
-11809
-12000
-11854
-11845
-11728
-12107
-11928
-11652
-11825
-11961
-11737
-11629
-11979
-11745
-11759
-11872
-11684
-11865
-11795
-11976
-12120
-11929
-11789
-11659
-12114
-12135
-11993
-11645
-11794
-12098
-11618
-11828
-11618
-12095
-12100
-11731
-11611
-11747
-12107
-11758
-11591
-11605
-11930
-12069
-12135
-11690
-11611
-11858
-11757
-12024
-11592
-12020
-11969
-11750
-11927
-11900
-11863
-11941
-11605
-11768
-11753
-12090
-11782
-11722
-12100
-12172
-12176
-11831
-12217
-11883
-11888
-12013
-11703
-11670
-11823
-11624
-11956
-12231
-12249
-12212
-11848
-11707
-11746
-12230
-11899
-11677
-11945
-12173
-12038
-12000
-11917
-11951
-11704
-11885
-12113
